0 21.514 25
1 21.458 25
2 21.654 26
3 21.738 26
4 21.802 26
5 21.746 25
6 21.798 26
7 21.764 25
8 21.76 26
9 21.836 26
10 21.832 26
11 21.764 26
12 21.688 26
13 21.754 26
14 21.82 26
15 21.824 26
16 21.858 26
17 21.788 26
18 21.758 25
19 21.734 26
20 21.79 26
21 21.902 26
22 22.042 26
23 22.016 26
24 22.198 26
25 22.136 26
26 22.066 26
27 21.986 26
28 22.006 26
29 21.954 27
30 22.006 26
31 22.088 26
32 22.202 26
33 22.156 26
34 22.182 26
35 22.216 27
36 22.122 27
37 22.136 27
38 22.232 26
39 22.24 26
40 22.25 26
41 22.334 26
42 22.45 26
43 22.392 26
44 22.266 26
45 22.426 26
46 22.478 27
47 22.374 26
48 22.302 26
49 22.274 26
50 22.284 26
51 22.274 27
52 22.306 27
53 22.406 27
54 22.33 27
55 22.292 26
56 22.226 26
57 22.308 26
58 22.386 27
59 22.528 26
60 22.58 27
61 22.598 27
62 22.486 26
63 22.586 27
64 22.554 27
65 22.698 27
66 22.8 27
67 22.866 27
68 22.878 27
69 22.884 27
70 22.896 27
71 22.954 27
72 22.936 28
73 22.974 28
74 22.996 27
75 23.056 28
76 23.064 28
77 23.02 27
78 23.084 27
79 23.058 28
80 23.234 28
81 23.256 28
82 23.188 27
83 23.226 27
84 23.108 27
85 23.19 27
86 23.248 27
87 23.286 27
88 23.226 27
89 23.296 28
90 23.264 28
91 23.366 28
92 23.436 28
93 23.578 28
94 23.682 28
95 23.7 28
96 23.916 28
97 23.818 28
98 23.85 28
99 23.872 28
100 23.982 28
101 24.15 28
102 24.17 28
103 24.33 28
104 24.364 28
105 24.41 28
106 24.332 28
107 24.37 28
108 24.52 28
109 24.528 28
110 24.466 28
111 24.584 28
112 24.63 28
113 24.72 28
114 24.784 28
115 24.814 28
116 24.844 28
117 24.962 28
118 24.944 28
119 24.994 28
120 25.192 28
121 25.218 28
122 25.314 28
123 25.322 28
124 25.312 28
125 25.318 28
126 25.418 28
127 25.516 28
128 25.66 28
129 25.72 28
130 25.85 28
131 25.954 28
132 25.964 28
133 25.992 28
134 26.098 28
135 26.154 28
136 26.21 28
137 26.35 28
138 26.374 28
139 26.396 28
140 26.414 28
141 26.37 28
142 26.432 28
143 26.494 28
144 26.648 28
145 26.708 28
146 26.67 28
147 26.738 28
148 26.734 28
149 26.82 28
150 26.896 28
151 26.928 28
152 27.012 28
153 26.99 28
154 27.044 28
155 27.074 28
156 27.116 28
157 27.114 28
158 27.158 28
159 27.226 28
160 27.228 28
161 27.162 28
162 27.244 28
163 27.322 28
164 27.31 28
165 27.344 28
166 27.344 28
167 27.364 28
168 27.398 28
169 27.456 28
170 27.428 28
171 27.426 28
172 27.394 28
173 27.368 28
174 27.39 28
175 27.406 28
176 27.436 28
177 27.348 28
178 27.33 28
179 27.396 28
180 27.44 28
181 27.448 28
182 27.496 28
183 27.508 28
184 27.492 28
185 27.462 28
186 27.42 28
187 27.352 28
188 27.34 28
189 27.35 28
190 27.36 28
191 27.402 28
192 27.344 28
193 27.456 28
194 27.468 28
195 27.424 28
196 27.374 28
197 27.454 28
198 27.434 28
199 27.51 28
200 27.516 28
201 27.442 28
202 27.438 28
203 27.502 28
204 27.468 28
205 27.466 28
206 27.536 28
207 27.524 28
208 27.48 28
209 27.436 28
210 27.418 28
211 27.366 28
212 27.364 28
213 27.332 28
214 27.44 28
215 27.512 28
216 27.522 28
217 27.544 28
218 27.538 28
219 27.538 28
220 27.498 28
221 27.466 28
222 27.526 28
223 27.466 28
224 27.426 28
225 27.41 28
226 27.428 28
227 27.492 28
228 27.448 28
229 27.422 28
230 27.428 28
231 27.412 28
232 27.406 28
233 27.458 28
234 27.368 28
235 27.422 28
236 27.432 28
237 27.446 28
238 27.378 28
239 27.476 28
240 27.482 28
241 27.458 28
242 27.466 28
243 27.476 28
244 27.47 28
245 27.446 28
246 27.436 28
247 27.44 28
248 27.494 28
249 27.468 28
250 27.516 28
251 27.546 28
252 27.51 28
253 27.552 28
254 27.56 28
255 27.496 28
256 27.52 28
257 27.59 28
258 27.536 28
259 27.6 28
260 27.618 28
261 27.602 28
262 27.68 28
263 27.634 28
264 27.668 28
265 27.694 28
266 27.76 28
267 27.694 28
268 27.74 28
269 27.784 28
270 27.78 28
271 27.796 28
272 27.792 28
273 27.794 28
274 27.778 28
275 27.778 28
276 27.776 28
277 27.698 28
278 27.68 28
279 27.756 28
280 27.718 28
281 27.772 28
282 27.766 28
283 27.804 28
284 27.83 28
285 27.868 28
286 27.856 28
287 27.8 28
288 27.782 28
289 27.732 28
290 27.718 28
291 27.682 28
292 27.73 28
293 27.678 28
294 27.672 28
295 27.656 28
296 27.614 28
297 27.674 28
298 27.63 28
299 27.642 28
300 27.678 28
301 27.664 28
302 27.678 28
303 27.626 28
304 27.662 28
305 27.646 28
306 27.62 28
307 27.668 28
308 27.628 28
309 27.712 28
310 27.736 28
311 27.692 28
312 27.74 28
313 27.712 28
314 27.742 28
315 27.68 28
316 27.644 28
317 27.652 28
318 27.738 28
319 27.722 28
320 27.742 28
321 27.758 28
322 27.774 28
323 27.8 28
324 27.83 28
325 27.852 28
326 27.838 28
327 27.84 28
328 27.812 28
329 27.764 28
330 27.764 28
331 27.648 28
332 27.648 28
333 27.626 28
334 27.572 28
335 27.65 28
336 27.594 28
337 27.6 28
338 27.65 28
339 27.664 28
340 27.662 28
341 27.676 28
342 27.614 28
343 27.6 28
344 27.56 28
345 27.506 28
346 27.574 28
347 27.564 28
348 27.616 28
349 27.608 28
350 27.62 28
351 27.678 28
352 27.684 28
353 27.654 28
354 27.658 28
355 27.686 28
356 27.642 28
357 27.59 28
358 27.63 28
359 27.68 28
360 27.712 28
361 27.732 28
362 27.762 28
363 27.774 28
364 27.748 28
365 27.77 28
366 27.73 28
367 27.704 28
368 27.708 28
369 27.718 28
370 27.762 28
371 27.71 28
372 27.714 28
373 27.782 28
374 27.774 28
375 27.734 28
376 27.792 28
377 27.762 28
378 27.796 28
379 27.76 28
380 27.822 28
381 27.832 28
382 27.842 28
383 27.798 28
384 27.746 28
385 27.774 28
386 27.784 28
387 27.78 28
388 27.794 28
389 27.76 28
390 27.736 28
391 27.78 28
392 27.782 28
393 27.786 28
394 27.776 28
395 27.778 28
396 27.732 28
397 27.752 28
398 27.752 28
399 27.722 28
400 27.744 28
401 27.782 28
402 27.818 28
403 27.788 28
404 27.852 28
405 27.89 28
406 27.876 28
407 27.842 28
408 27.826 28
409 27.818 28
410 27.832 28
411 27.83 28
412 27.818 28
413 27.824 28
414 27.824 28
415 27.86 28
416 27.898 28
417 27.872 28
418 27.828 28
419 27.804 28
420 27.79 28
421 27.778 28
422 27.81 28
423 27.82 28
424 27.834 28
425 27.85 28
426 27.824 28
427 27.832 28
428 27.768 28
429 27.708 28
430 27.774 28
431 27.792 28
432 27.814 28
433 27.808 28
434 27.764 28
435 27.706 28
436 27.704 28
437 27.662 28
438 27.67 28
439 27.622 28
440 27.672 28
441 27.642 28
442 27.62 28
443 27.604 28
444 27.66 28
445 27.676 28
446 27.694 28
447 27.742 28
448 27.78 28
449 27.808 28
450 27.768 28
451 27.78 28
452 27.79 28
453 27.772 28
454 27.762 28
455 27.762 28
456 27.766 28
457 27.77 28
458 27.752 28
459 27.756 28
460 27.736 28
461 27.726 28
462 27.714 28
463 27.714 28
464 27.744 28
465 27.734 28
466 27.732 28
467 27.712 28
468 27.738 28
469 27.712 28
470 27.744 28
471 27.742 28
472 27.696 28
473 27.752 28
474 27.782 28
475 27.796 28
476 27.824 28
477 27.854 28
478 27.854 28
479 27.84 28
480 27.872 28
481 27.844 28
482 27.858 28
483 27.834 28
484 27.874 28
485 27.856 28
486 27.848 28
487 27.81 28
488 27.778 28
489 27.716 28
490 27.738 28
491 27.754 28
492 27.852 28
493 27.832 28
494 27.872 28
495 27.856 28
496 27.828 28
497 27.84 28
498 27.832 28
499 27.856 28
500 27.84 28
501 27.834 28
502 27.794 28
503 27.806 28
504 27.816 28
505 27.832 28
506 27.844 28
507 27.82 28
508 27.772 28
509 27.752 28
510 27.77 28
511 27.756 28
512 27.714 28
513 27.698 28
514 27.72 28
515 27.728 28
516 27.792 28
517 27.81 28
518 27.8 28
519 27.754 28
520 27.71 28
521 27.708 28
522 27.74 28
523 27.706 28
524 27.738 28
525 27.732 28
526 27.78 28
527 27.808 28
528 27.806 28
529 27.802 28
530 27.838 28
531 27.838 28
532 27.82 28
533 27.816 28
534 27.808 28
535 27.77 28
536 27.776 28
537 27.834 28
538 27.762 28
539 27.744 28
540 27.772 28
541 27.776 28
542 27.82 28
543 27.846 28
544 27.84 28
545 27.808 28
546 27.792 28
547 27.73 28
548 27.764 28
549 27.796 28
550 27.828 28
551 27.818 28
552 27.836 28
553 27.81 28
554 27.768 28
555 27.77 28
556 27.824 28
557 27.83 28
558 27.826 28
559 27.836 28
560 27.818 28
561 27.772 28
562 27.738 28
563 27.802 28
564 27.802 28
565 27.74 28
566 27.72 28
567 27.742 28
568 27.746 28
569 27.792 28
570 27.806 28
571 27.842 28
572 27.832 28
573 27.838 28
574 27.878 28
575 27.878 28
576 27.822 28
577 27.812 28
578 27.79 28
579 27.784 28
580 27.856 28
581 27.854 28
582 27.852 28
583 27.836 28
584 27.81 28
585 27.824 28
586 27.806 28
587 27.818 28
588 27.784 28
589 27.852 28
590 27.82 28
591 27.774 28
592 27.76 28
593 27.76 28
594 27.702 28
595 27.632 28
596 27.616 28
597 27.64 28
598 27.602 28
599 27.628 28
600 27.648 28
601 27.626 28
602 27.662 28
603 27.716 28
604 27.732 28
605 27.74 28
606 27.716 28
607 27.676 28
608 27.696 28
609 27.68 28
610 27.672 28
611 27.652 28
612 27.626 28
613 27.582 28
614 27.596 28
615 27.61 28
616 27.68 28
617 27.67 28
618 27.752 28
619 27.728 28
620 27.74 28
621 27.688 28
622 27.674 28
623 27.64 28
624 27.632 28
625 27.646 28
626 27.692 28
627 27.696 28
628 27.62 28
629 27.59 28
630 27.688 28
631 27.68 28
632 27.704 28
633 27.694 28
634 27.698 28
635 27.74 28
636 27.756 28
637 27.76 28
638 27.794 28
639 27.802 28
640 27.754 28
641 27.76 28
642 27.72 28
643 27.718 28
644 27.732 28
645 27.746 28
646 27.714 28
647 27.716 28
648 27.682 28
649 27.678 28
650 27.676 28
651 27.618 28
652 27.648 28
653 27.634 28
654 27.656 28
655 27.688 28
656 27.684 28
657 27.658 28
658 27.704 28
659 27.704 28
660 27.684 28
661 27.684 28
662 27.646 28
663 27.618 28
664 27.632 28
665 27.682 28
666 27.714 28
667 27.774 28
668 27.742 28
669 27.764 28
670 27.752 28
671 27.734 28
672 27.772 28
673 27.752 28
674 27.756 28
675 27.78 28
676 27.784 28
677 27.824 28
678 27.764 28
679 27.728 28
680 27.678 28
681 27.67 28
682 27.66 28
683 27.684 28
684 27.632 28
685 27.644 28
686 27.654 28
687 27.674 28
688 27.748 28
689 27.738 28
690 27.76 28
691 27.708 28
692 27.71 28
693 27.656 28
694 27.63 28
695 27.654 28
696 27.732 28
697 27.776 28
698 27.762 28
699 27.82 28
700 27.84 28
701 27.838 28
702 27.8 28
703 27.844 28
704 27.806 28
705 27.764 28
706 27.746 28
707 27.74 28
708 27.75 28
709 27.73 28
710 27.702 28
711 27.672 28
712 27.712 28
713 27.738 28
714 27.754 28
715 27.798 28
716 27.772 28
717 27.782 28
718 27.748 28
719 27.766 28
720 27.79 28
721 27.764 28
722 27.776 28
723 27.796 28
724 27.8 28
725 27.744 28
726 27.748 28
727 27.736 28
728 27.752 28
729 27.782 28
730 27.76 28
731 27.768 28
732 27.78 28
733 27.8 28
734 27.81 28
735 27.802 28
736 27.82 28
737 27.852 28
738 27.85 28
739 27.828 28
740 27.8 28
741 27.776 28
742 27.772 28
743 27.724 28
744 27.742 28
745 27.764 28
746 27.734 28
747 27.732 28
748 27.798 28
749 27.812 28
750 27.83 28
751 27.876 28
752 27.87 28
753 27.864 28
754 27.852 28
755 27.81 28
756 27.842 28
757 27.832 28
758 27.798 28
759 27.786 28
760 27.738 28
761 27.792 28
762 27.758 28
763 27.722 28
764 27.702 28
765 27.704 28
766 27.734 28
767 27.762 28
768 27.748 28
769 27.734 28
770 27.738 28
771 27.736 28
772 27.698 28
773 27.692 28
774 27.694 28
775 27.724 28
776 27.64 28
777 27.692 28
778 27.672 28
779 27.65 28
780 27.694 28
781 27.664 28
782 27.686 28
783 27.69 28
784 27.672 28
785 27.662 28
786 27.69 28
787 27.746 28
788 27.772 28
789 27.742 28
790 27.728 28
791 27.73 28
792 27.776 28
793 27.79 28
794 27.814 28
795 27.814 28
796 27.79 28
797 27.792 28
798 27.798 28
799 27.79 28
800 27.848 28
801 27.842 28
802 27.806 28
803 27.818 28
804 27.808 28
805 27.824 28
806 27.842 28
807 27.844 28
808 27.852 28
809 27.84 28
810 27.816 28
811 27.804 28
812 27.796 28
813 27.822 28
814 27.836 28
815 27.804 28
816 27.782 28
817 27.788 28
818 27.85 28
819 27.882 28
820 27.868 28
821 27.868 28
822 27.87 28
823 27.86 28
824 27.82 28
825 27.806 28
826 27.794 28
827 27.78 28
828 27.798 28
829 27.77 28
830 27.812 28
831 27.83 28
832 27.866 28
833 27.83 28
834 27.8 28
835 27.826 28
836 27.834 28
837 27.832 28
838 27.902 28
839 27.892 28
840 27.87 28
841 27.858 28
842 27.85 28
843 27.838 28
844 27.856 28
845 27.864 28
846 27.81 28
847 27.82 28
848 27.778 28
849 27.796 28
850 27.798 28
851 27.782 28
852 27.804 28
853 27.78 28
854 27.724 28
855 27.734 28
856 27.74 28
857 27.706 28
858 27.648 28
859 27.714 28
860 27.702 28
861 27.702 28
862 27.748 28
863 27.81 28
864 27.794 28
865 27.824 28
866 27.832 28
867 27.826 28
868 27.788 28
869 27.836 28
870 27.856 28
871 27.842 28
872 27.794 28
873 27.79 28
874 27.802 28
875 27.786 28
876 27.826 28
877 27.822 28
878 27.802 28
879 27.828 28
880 27.818 28
881 27.842 28
882 27.886 28
883 27.878 28
884 27.85 28
885 27.832 28
886 27.788 28
887 27.752 28
888 27.7 28
889 27.664 28
890 27.664 28
891 27.63 28
892 27.512 28
893 27.544 28
894 27.544 28
895 27.492 28
896 27.564 28
897 27.638 28
898 27.618 28
899 27.582 28
900 27.58 28
901 27.584 28
902 27.558 28
903 27.554 28
904 27.612 28
905 27.636 28
906 27.646 28
907 27.672 28
908 27.706 28
909 27.72 28
910 27.664 28
911 27.644 28
912 27.66 28
913 27.678 28
914 27.698 28
915 27.714 28
916 27.726 28
917 27.708 28
918 27.746 28
919 27.748 28
920 27.696 28
921 27.728 28
922 27.746 28
923 27.754 28
924 27.69 28
925 27.69 28
926 27.67 28
927 27.634 28
928 27.608 28
929 27.634 28
930 27.648 28
931 27.67 28
932 27.684 28
933 27.712 28
934 27.742 28
935 27.74 28
936 27.77 28
937 27.798 28
938 27.778 28
939 27.802 28
940 27.784 28
941 27.752 28
942 27.714 28
943 27.698 28
944 27.672 28
945 27.712 28
946 27.7 28
947 27.738 28
948 27.76 28
949 27.736 28
950 27.704 28
951 27.67 28
952 27.65 28
953 27.688 28
954 27.694 28
955 27.768 28
956 27.752 28
957 27.744 28
958 27.774 28
959 27.794 28
960 27.812 28
961 27.8 28
962 27.826 28
963 27.818 28
964 27.762 28
965 27.758 28
966 27.766 28
967 27.8 28
968 27.734 28
969 27.698 28
970 27.708 28
971 27.704 28
972 27.7 28
973 27.77 28
974 27.806 28
975 27.788 28
976 27.836 28
977 27.762 28
978 27.728 28
979 27.748 28
980 27.74 28
981 27.792 28
982 27.79 28
983 27.796 28
984 27.822 28
985 27.84 28
986 27.83 28
987 27.826 28
988 27.83 28
989 27.822 28
990 27.82 28
991 27.82 28
992 27.77 28
993 27.758 28
994 27.774 28
995 27.73 28
996 27.718 28
997 27.726 28
998 27.756 28
999 27.754 28
