0 21.33 25
1 21.52 24
2 21.6 25
3 21.54 25
4 21.48 25
5 21.58 25
6 21.66 25
7 21.75 26
8 21.76 25
9 21.89 25
10 22.05 25
11 21.81 25
12 21.71 25
13 21.71 26
14 21.84 25
15 21.84 25
16 21.65 26
17 21.69 25
18 21.72 24
19 21.75 26
20 21.68 25
21 21.76 25
22 22.02 25
23 22.03 26
24 22.02 27
25 21.7 27
26 21.84 26
27 21.96 26
28 22.14 26
29 22.52 26
30 22.71 25
31 22.8 26
32 22.8 25
33 22.75 27
34 22.8 27
35 22.93 26
36 22.93 27
37 22.88 26
38 22.76 26
39 22.81 26
40 22.77 26
41 22.62 26
42 22.47 27
43 22.54 27
44 22.39 26
45 22.51 25
46 22.41 26
47 22.5 25
48 22.86 25
49 22.73 25
50 22.74 26
51 22.79 25
52 23.04 26
53 22.82 28
54 22.79 27
55 22.57 27
56 22.7 26
57 22.38 27
58 22.73 27
59 22.97 27
60 22.93 26
61 22.85 26
62 23.12 27
63 23.12 27
64 23.23 27
65 23.46 27
66 23.41 26
67 23.46 26
68 23.35 26
69 23.38 26
70 23.28 26
71 23.19 26
72 23.3 26
73 23.33 25
74 23.45 25
75 23.55 26
76 23.55 26
77 23.51 26
78 23.39 26
79 23.3 26
80 23.24 26
81 23.39 26
82 23.15 26
83 23.22 26
84 23.23 26
85 23.26 25
86 23.15 25
87 23.08 25
88 22.94 25
89 23.11 25
90 23.0 25
91 23.0 25
92 22.88 25
93 22.86 25
94 22.9 25
95 22.78 24
96 22.81 24
97 22.94 25
98 22.92 24
99 22.84 24
100 22.8 24
101 22.83 24
102 22.8 25
103 22.75 24
104 22.87 24
105 23.02 24
106 23.07 25
107 23.04 25
108 23.07 25
109 23.19 25
110 23.1 25
111 23.2 25
112 23.19 25
113 23.28 24
114 23.19 24
115 23.08 24
116 23.02 24
117 23.11 25
118 23.28 24
119 23.36 24
120 23.37 24
121 23.36 24
122 23.45 24
123 23.48 24
124 23.43 24
125 23.32 24
126 23.46 24
127 23.43 24
128 23.4 24
129 23.46 24
130 23.46 24
131 23.42 24
132 23.47 25
133 23.52 25
134 23.48 25
135 23.38 25
136 23.48 24
137 23.52 24
138 23.45 24
139 23.55 24
140 23.51 24
141 23.32 24
142 23.29 24
143 23.3 24
144 23.25 24
145 23.37 24
146 23.47 24
147 23.56 24
148 23.42 24
149 23.42 24
150 23.41 24
151 23.42 24
152 23.41 24
153 23.44 24
154 23.5 24
155 23.58 24
156 23.6 24
157 23.63 24
158 23.59 24
159 23.71 24
160 23.75 25
161 23.63 25
162 23.67 24
163 23.57 24
164 23.57 24
165 23.65 24
166 23.62 24
167 23.54 24
168 23.63 24
169 23.74 25
170 23.57 24
171 23.55 25
172 23.5 25
173 23.63 25
174 23.54 24
175 23.58 26
176 23.56 25
177 23.59 25
178 23.43 25
179 23.37 25
180 23.46 25
181 23.42 25
182 23.35 25
183 23.2 25
184 23.31 25
185 23.26 25
186 23.22 25
187 23.23 25
188 23.32 25
189 23.51 25
190 23.46 25
191 23.35 25
192 23.47 25
193 23.5 25
194 23.42 25
195 23.55 25
196 23.62 25
197 23.57 25
198 23.57 25
199 23.61 25
200 23.58 25
201 23.67 25
202 23.72 25
203 23.71 25
204 23.75 25
205 23.84 25
206 23.93 25
207 23.96 25
208 23.85 25
209 23.82 25
210 23.93 25
211 23.85 25
212 23.89 25
213 23.74 25
214 23.91 25
215 23.93 25
216 23.91 25
217 23.98 25
218 24.07 25
219 23.93 25
220 23.9 25
221 23.96 25
222 23.96 25
223 23.94 25
224 23.85 25
225 23.93 25
226 24.05 25
227 24.12 25
228 24.12 25
229 24.16 25
230 24.07 25
231 24.2 25
232 24.16 25
233 24.17 25
234 24.15 25
235 24.03 25
236 23.97 25
237 24.02 25
238 23.93 25
239 23.99 25
240 23.92 25
241 23.95 25
242 23.97 25
243 23.9 25
244 23.9 25
245 23.96 25
246 24.01 25
247 24.08 25
248 24.13 25
249 24.11 25
250 24.1 25
251 24.15 25
252 24.12 25
253 24.18 25
254 24.19 25
255 24.17 25
256 24.14 25
257 24.17 25
258 24.33 25
259 24.33 25
260 24.2 25
261 24.21 25
262 24.12 25
263 24.11 26
264 24.1 26
265 24.13 26
266 24.17 26
267 24.23 26
268 24.22 26
269 24.27 27
270 24.24 25
271 24.26 25
272 24.34 25
273 24.31 25
274 24.32 25
275 24.32 25
276 24.29 25
277 24.34 25
278 24.34 25
279 24.34 26
280 24.35 25
281 24.41 25
282 24.36 25
283 24.37 25
284 24.31 25
285 24.35 25
286 24.48 25
287 24.47 25
288 24.49 25
289 24.51 25
290 24.46 27
291 24.48 26
292 24.44 26
293 24.52 26
294 24.48 25
295 24.44 25
296 24.46 25
297 24.46 25
298 24.46 25
299 24.44 25
300 24.53 25
301 24.58 27
302 24.56 27
303 24.48 27
304 24.54 27
305 24.44 27
306 24.43 25
307 24.51 25
308 24.45 25
309 24.46 25
310 24.45 25
311 24.61 25
312 24.56 25
313 24.57 25
314 24.52 25
315 24.46 25
316 24.47 25
317 24.43 25
318 24.55 26
319 24.67 25
320 24.66 25
321 24.59 25
322 24.55 25
323 24.54 25
324 24.54 25
325 24.58 25
326 24.6 25
327 24.6 25
328 24.6 25
329 24.49 25
330 24.38 25
331 24.34 25
332 24.26 25
333 24.53 25
334 24.53 25
335 24.44 25
336 24.41 25
337 24.41 25
338 24.46 25
339 24.47 25
340 24.53 25
341 24.41 25
342 24.37 25
343 24.5 25
344 24.41 25
345 24.3 25
346 24.26 25
347 24.34 25
348 24.43 25
349 24.62 25
350 24.55 25
351 24.45 25
352 24.51 25
353 24.65 25
354 24.56 25
355 24.53 25
356 24.65 25
357 24.64 25
358 24.53 25
359 24.61 25
360 24.53 25
361 24.63 25
362 24.56 25
363 24.62 25
364 24.69 25
365 24.72 25
366 24.64 25
367 24.62 25
368 24.64 25
369 24.74 25
370 24.66 25
371 24.66 25
372 24.67 25
373 24.69 25
374 24.66 25
375 24.64 25
376 24.8 25
377 24.75 25
378 24.75 25
379 24.75 25
380 24.78 25
381 24.73 25
382 24.68 25
383 24.69 25
384 24.71 25
385 24.7 25
386 24.84 25
387 24.84 25
388 24.79 25
389 24.75 25
390 24.76 25
391 24.81 25
392 24.89 25
393 24.89 25
394 24.83 25
395 24.83 25
396 24.85 25
397 24.84 25
398 24.86 25
399 24.92 25
400 24.92 25
401 24.89 25
402 24.81 25
403 24.86 25
404 24.9 25
405 24.86 25
406 24.81 25
407 24.83 25
408 24.9 25
409 24.89 25
410 24.93 25
411 24.92 25
412 24.89 25
413 24.89 25
414 24.89 25
415 24.9 25
416 24.93 25
417 24.93 25
418 24.97 25
419 24.96 25
420 24.97 25
421 24.96 25
422 24.94 25
423 24.93 25
424 24.85 25
425 24.85 25
426 24.85 25
427 24.79 25
428 24.83 25
429 24.85 25
430 24.78 25
431 24.79 25
432 24.74 25
433 24.69 25
434 24.72 25
435 24.7 25
436 24.65 25
437 24.68 25
438 24.66 25
439 24.62 25
440 24.55 26
441 24.63 25
442 24.63 25
443 24.72 25
444 24.65 25
445 24.67 25
446 24.68 25
447 24.76 25
448 24.71 25
449 24.73 25
450 24.77 25
451 24.76 25
452 24.72 25
453 24.74 25
454 24.75 25
455 24.74 25
456 24.71 25
457 24.68 25
458 24.67 25
459 24.68 25
460 24.73 25
461 24.76 25
462 24.82 25
463 24.8 25
464 24.78 25
465 24.8 25
466 24.81 25
467 24.84 25
468 24.8 25
469 24.85 25
470 24.86 25
471 24.8 25
472 24.85 25
473 24.89 25
474 24.89 25
475 24.88 25
476 24.88 25
477 24.77 25
478 24.72 25
479 24.75 25
480 24.83 25
481 24.88 25
482 24.88 25
483 24.94 25
484 24.92 25
485 24.93 25
486 24.89 25
487 24.86 25
488 24.78 25
489 24.83 25
490 24.73 25
491 24.82 25
492 24.89 25
493 24.94 25
494 24.97 25
495 24.93 25
496 24.89 25
497 24.85 25
498 24.78 25
499 24.85 25
500 24.89 25
501 24.89 25
502 24.87 26
503 24.88 27
504 24.8 25
505 24.77 25
506 24.68 25
507 24.71 25
508 24.66 25
509 24.7 25
510 24.65 25
511 24.61 25
512 24.63 25
513 24.65 25
514 24.61 25
515 24.7 25
516 24.78 25
517 24.72 25
518 24.69 25
519 24.72 25
520 24.66 25
521 24.66 27
522 24.61 25
523 24.57 25
524 24.58 25
525 24.62 25
526 24.61 25
527 24.47 25
528 24.47 25
529 24.5 25
530 24.57 25
531 24.54 25
532 24.64 25
533 24.63 25
534 24.56 25
535 24.45 25
536 24.44 25
537 24.52 25
538 24.45 25
539 24.5 25
540 24.52 25
541 24.6 25
542 24.53 25
543 24.59 25
544 24.62 25
545 24.58 25
546 24.51 25
547 24.46 25
548 24.63 25
549 24.69 25
550 24.72 25
551 24.62 25
552 24.65 25
553 24.64 25
554 24.69 25
555 24.76 26
556 24.9 26
557 24.88 26
558 24.91 26
559 24.96 26
560 24.97 26
561 24.95 26
562 24.84 26
563 24.79 26
564 24.7 26
565 24.71 26
566 24.76 26
567 24.8 26
568 24.87 26
569 24.86 26
570 24.89 26
571 24.85 26
572 24.83 25
573 24.87 25
574 24.91 26
575 24.85 25
576 24.76 25
577 24.7 25
578 24.78 25
579 24.75 25
580 24.78 25
581 24.81 25
582 24.84 25
583 24.82 25
584 24.83 25
585 24.86 25
586 24.84 25
587 24.8 25
588 24.8 25
589 24.82 25
590 24.88 25
591 24.85 25
592 24.82 25
593 24.77 25
594 24.77 25
595 24.75 25
596 24.76 25
597 24.73 25
598 24.82 25
599 24.78 25
600 24.87 25
601 24.94 25
602 24.96 25
603 24.92 25
604 24.89 25
605 24.91 25
606 24.85 25
607 24.89 25
608 24.93 25
609 24.95 25
610 24.94 25
611 24.88 25
612 24.91 25
613 24.89 25
614 24.89 25
615 24.94 25
616 24.95 25
617 24.9 25
618 24.89 25
619 24.93 25
620 24.93 25
621 24.98 25
622 24.98 25
623 24.94 25
624 24.92 25
625 24.93 25
626 24.95 25
627 24.89 25
628 24.85 25
629 24.83 25
630 24.88 25
631 24.89 25
632 24.92 25
633 24.89 25
634 24.88 25
635 24.89 25
636 24.89 25
637 24.94 25
638 24.96 25
639 24.95 25
640 24.91 25
641 24.9 25
642 24.92 25
643 24.9 25
644 24.88 25
645 24.79 25
646 24.73 25
647 24.66 25
648 24.58 25
649 24.57 25
650 24.64 25
651 24.71 25
652 24.72 25
653 24.92 25
654 24.92 25
655 24.96 25
656 24.98 25
657 24.99 25
658 24.98 25
659 24.99 25
660 25.01 27
661 25.0 27
662 25.03 27
663 25.01 27
664 25.07 27
665 25.08 27
666 25.03 27
667 24.95 27
668 24.98 27
669 24.85 27
670 24.91 27
671 24.8 27
672 24.74 27
673 24.64 27
674 24.57 27
675 24.41 25
676 24.47 25
677 24.41 25
678 24.22 25
679 24.35 25
680 24.51 25
681 24.46 25
682 24.53 25
683 24.52 25
684 24.5 25
685 24.48 25
686 24.52 25
687 24.44 25
688 24.53 25
689 24.6 25
690 24.66 25
691 24.6 25
692 24.56 25
693 24.61 25
694 24.58 25
695 24.64 25
696 24.65 25
697 24.6 25
698 24.64 25
699 24.63 25
700 24.67 25
701 24.61 25
702 24.58 25
703 24.63 25
704 24.69 25
705 24.68 25
706 24.63 25
707 24.44 25
708 24.59 25
709 24.52 25
710 24.63 25
711 24.75 25
712 24.81 25
713 24.7 25
714 24.67 25
715 24.76 25
716 24.78 25
717 24.81 25
718 24.79 25
719 24.84 25
720 24.83 25
721 24.79 25
722 24.7 25
723 24.63 25
724 24.72 25
725 24.72 25
726 24.69 25
727 24.74 25
728 24.72 25
729 24.67 25
730 24.66 25
731 24.66 25
732 24.64 25
733 24.72 25
734 24.68 25
735 24.65 25
736 24.62 25
737 24.63 25
738 24.56 25
739 24.56 25
740 24.6 25
741 24.69 25
742 24.59 25
743 24.51 25
744 24.5 25
745 24.53 25
746 24.54 25
747 24.42 25
748 24.4 25
749 24.35 25
750 24.26 25
751 24.36 25
752 24.31 25
753 24.37 25
754 24.41 25
755 24.38 25
756 24.38 25
757 24.4 25
758 24.38 25
759 24.41 25
760 24.43 25
761 24.46 25
762 24.31 25
763 24.42 25
764 24.43 25
765 24.58 25
766 24.65 26
767 24.74 26
768 24.76 26
769 24.86 26
770 24.83 25
771 24.86 25
772 24.8 25
773 24.88 25
774 24.91 25
775 24.89 25
776 24.9 25
777 24.92 25
778 24.92 25
779 24.9 25
780 24.89 25
781 24.91 25
782 24.87 25
783 24.91 25
784 24.96 25
785 24.94 25
786 24.92 25
787 24.89 25
788 24.89 25
789 24.87 25
790 24.89 25
791 24.91 25
792 24.95 25
793 24.95 25
794 24.91 25
795 24.92 25
796 24.96 25
797 24.94 25
798 24.95 25
799 24.98 25
800 25.0 25
801 25.0 25
802 24.99 25
803 24.98 25
804 24.96 25
805 24.97 25
806 25.0 25
807 25.0 25
808 25.0 25
809 24.97 25
810 24.99 25
811 24.95 25
812 24.99 25
813 24.99 25
814 24.99 25
815 24.98 25
816 24.98 25
817 24.93 25
818 24.91 25
819 24.96 25
820 24.92 25
821 24.94 25
822 24.98 25
823 24.98 25
824 25.0 25
825 24.98 25
826 24.95 25
827 24.91 25
828 24.9 25
829 24.94 25
830 25.0 25
831 24.99 25
832 25.0 25
833 25.0 25
834 24.98 25
835 24.97 25
836 24.97 25
837 24.97 25
838 24.97 25
839 24.98 25
840 24.98 25
841 24.94 25
842 24.94 25
843 24.93 25
844 24.95 25
845 24.91 25
846 24.9 25
847 24.91 26
848 24.94 25
849 24.94 25
850 24.96 25
851 24.99 25
852 24.98 25
853 24.99 26
854 25.03 26
855 25.05 26
856 25.06 26
857 25.04 26
858 25.06 26
859 25.05 26
860 25.08 26
861 25.11 26
862 25.08 26
863 25.12 26
864 25.09 26
865 25.08 26
866 25.05 26
867 25.11 26
868 25.13 26
869 25.13 26
870 25.12 26
871 25.07 26
872 25.02 26
873 24.99 26
874 24.99 26
875 24.95 26
876 24.99 26
877 25.04 26
878 25.02 26
879 24.97 26
880 25.04 26
881 25.06 26
882 25.09 26
883 25.09 26
884 25.12 26
885 25.15 26
886 25.15 26
887 25.18 26
888 25.16 26
889 25.08 26
890 25.15 26
891 25.14 26
892 25.12 26
893 25.07 26
894 25.02 26
895 25.02 26
896 25.06 26
897 25.16 26
898 25.2 26
899 25.2 26
900 25.15 27
901 25.16 26
902 25.23 26
903 25.23 26
904 25.22 26
905 25.13 26
906 25.11 26
907 25.12 26
908 25.15 26
909 25.16 26
910 25.23 26
911 25.15 26
912 25.14 26
913 25.01 26
914 24.94 26
915 24.82 26
916 24.93 26
917 25.01 26
918 25.03 26
919 25.03 26
920 24.96 26
921 24.9 26
922 24.91 26
923 24.85 26
924 24.96 26
925 24.91 26
926 24.98 26
927 25.02 26
928 24.98 26
929 25.08 26
930 24.96 26
931 25.04 26
932 25.06 26
933 25.12 26
934 25.12 26
935 25.16 26
936 25.16 26
937 25.28 26
938 25.29 26
939 25.35 26
940 25.32 26
941 25.26 26
942 25.23 26
943 25.21 26
944 25.32 26
945 25.38 26
946 25.25 26
947 25.26 26
948 25.25 26
949 25.29 26
950 25.34 26
951 25.35 26
952 25.37 26
953 25.29 26
954 25.27 26
955 25.33 26
956 25.39 26
957 25.4 26
958 25.57 26
959 25.62 26
960 25.67 26
961 25.57 26
962 25.62 26
963 25.6 26
964 25.49 26
965 25.41 26
966 25.38 26
967 25.45 26
968 25.5 26
969 25.51 26
970 25.45 26
971 25.48 26
972 25.45 26
973 25.44 26
974 25.46 26
975 25.36 26
976 25.42 26
977 25.29 26
978 25.4 26
979 25.34 26
980 25.32 26
981 25.32 26
982 25.37 26
983 25.51 26
984 25.58 26
985 25.51 26
986 25.5 26
987 25.44 26
988 25.44 26
989 25.5 26
990 25.5 26
991 25.54 26
992 25.49 26
993 25.53 26
994 25.49 26
995 25.48 26
996 25.41 26
997 25.41 26
998 25.39 26
999 25.41 26
