0 21.575 26
1 21.681 26
2 21.728 26
3 21.749 26
4 21.705 26
5 21.742 26
6 21.755 27
7 21.807 27
8 21.805 26
9 21.879 26
10 21.798 26
11 21.835 27
12 21.882 26
13 21.819 26
14 21.864 26
15 21.931 26
16 21.908 26
17 22.051 26
18 22.017 26
19 22.019 27
20 22.065 27
21 22.067 26
22 22.037 27
23 22.092 26
24 22.062 27
25 22.122 26
26 22.01 26
27 21.98 26
28 21.977 26
29 21.972 26
30 22.033 26
31 21.986 26
32 22.058 27
33 22.098 26
34 22.12 26
35 22.135 26
36 22.146 26
37 22.113 27
38 22.095 27
39 22.176 26
40 22.147 26
41 22.196 27
42 22.144 27
43 22.15 27
44 22.131 26
45 22.154 26
46 22.129 25
47 22.149 26
48 22.157 26
49 22.122 26
50 22.141 26
51 22.131 26
52 22.101 26
53 22.225 27
54 22.177 26
55 22.239 27
56 22.253 26
57 22.236 26
58 22.166 27
59 22.123 26
60 22.108 27
61 22.154 27
62 22.233 27
63 22.206 26
64 22.217 28
65 22.267 26
66 22.17 27
67 22.173 27
68 22.206 26
69 22.232 27
70 22.081 26
71 22.159 26
72 22.165 26
73 22.161 26
74 22.189 26
75 22.181 26
76 22.192 26
77 22.248 26
78 22.32 26
79 22.377 27
80 22.37 27
81 22.394 27
82 22.432 27
83 22.379 26
84 22.449 27
85 22.478 26
86 22.498 27
87 22.513 26
88 22.487 26
89 22.467 26
90 22.516 27
91 22.564 27
92 22.549 27
93 22.536 27
94 22.507 27
95 22.533 27
96 22.585 27
97 22.549 27
98 22.598 26
99 22.642 26
100 22.678 27
101 22.655 27
102 22.683 27
103 22.671 27
104 22.731 27
105 22.776 26
106 22.824 27
107 22.737 27
108 22.697 27
109 22.755 26
110 22.852 27
111 22.878 27
112 22.822 27
113 22.824 26
114 22.886 27
115 22.853 27
116 22.9 27
117 22.99 26
118 23.03 26
119 23.092 27
120 23.034 26
121 23.052 27
122 22.957 27
123 22.983 27
124 22.983 27
125 22.977 27
126 22.905 26
127 22.902 27
128 23.002 27
129 23.039 27
130 23.011 26
131 23.02 27
132 23.099 27
133 23.22 27
134 23.216 27
135 23.208 27
136 23.23 27
137 23.182 27
138 23.225 27
139 23.22 27
140 23.254 27
141 23.319 27
142 23.367 27
143 23.428 27
144 23.46 27
145 23.486 27
146 23.497 27
147 23.521 27
148 23.487 27
149 23.549 27
150 23.587 27
151 23.539 27
152 23.561 27
153 23.565 27
154 23.603 27
155 23.571 27
156 23.61 27
157 23.593 27
158 23.579 27
159 23.722 27
160 23.707 27
161 23.768 27
162 23.772 27
163 23.823 27
164 23.813 27
165 23.9 27
166 23.931 27
167 23.95 27
168 23.976 27
169 24.011 27
170 24.052 27
171 24.185 27
172 24.121 27
173 24.147 27
174 24.239 27
175 24.198 28
176 24.26 27
177 24.277 27
178 24.305 27
179 24.39 27
180 24.406 27
181 24.466 27
182 24.51 27
183 24.591 27
184 24.612 27
185 24.648 27
186 24.652 27
187 24.686 27
188 24.73 27
189 24.788 27
190 24.791 27
191 24.791 27
192 24.81 27
193 24.932 28
194 24.946 27
195 24.969 27
196 24.987 27
197 24.99 28
198 24.967 27
199 25.009 27
200 24.991 27
201 24.988 27
202 25.094 27
203 25.141 27
204 25.15 27
205 25.192 27
206 25.254 27
207 25.278 27
208 25.279 27
209 25.335 28
210 25.305 28
211 25.337 27
212 25.409 27
213 25.398 27
214 25.513 27
215 25.527 27
216 25.569 27
217 25.551 27
218 25.546 27
219 25.545 27
220 25.567 27
221 25.594 27
222 25.653 27
223 25.719 27
224 25.763 27
225 25.81 27
226 25.817 27
227 25.83 27
228 25.874 27
229 25.891 27
230 25.917 27
231 25.904 27
232 25.95 27
233 25.985 27
234 25.998 27
235 26.027 27
236 26.043 27
237 26.035 27
238 26.047 27
239 26.087 27
240 26.084 27
241 26.18 27
242 26.184 27
243 26.19 27
244 26.259 27
245 26.279 27
246 26.28 27
247 26.228 27
248 26.262 27
249 26.27 27
250 26.333 27
251 26.33 27
252 26.365 27
253 26.357 27
254 26.395 27
255 26.404 27
256 26.433 27
257 26.439 27
258 26.423 27
259 26.459 27
260 26.435 27
261 26.45 27
262 26.468 27
263 26.456 27
264 26.483 27
265 26.44 28
266 26.408 28
267 26.41 28
268 26.401 28
269 26.457 28
270 26.473 27
271 26.491 28
272 26.494 28
273 26.497 28
274 26.548 28
275 26.545 28
276 26.514 28
277 26.536 28
278 26.565 28
279 26.58 28
280 26.592 28
281 26.615 28
282 26.594 27
283 26.622 27
284 26.619 27
285 26.625 27
286 26.613 27
287 26.637 27
288 26.657 27
289 26.648 27
290 26.697 27
291 26.678 27
292 26.653 27
293 26.656 27
294 26.652 27
295 26.638 27
296 26.623 27
297 26.633 27
298 26.663 27
299 26.669 27
300 26.699 27
301 26.692 27
302 26.711 27
303 26.706 27
304 26.686 27
305 26.708 27
306 26.706 27
307 26.703 27
308 26.751 27
309 26.741 27
310 26.726 27
311 26.737 27
312 26.736 27
313 26.733 27
314 26.732 27
315 26.702 27
316 26.697 27
317 26.697 27
318 26.682 27
319 26.683 27
320 26.705 27
321 26.731 27
322 26.712 27
323 26.675 27
324 26.688 28
325 26.724 28
326 26.701 28
327 26.736 28
328 26.767 28
329 26.8 28
330 26.805 28
331 26.805 28
332 26.78 28
333 26.797 28
334 26.776 28
335 26.789 28
336 26.777 28
337 26.782 28
338 26.766 28
339 26.79 28
340 26.779 28
341 26.774 27
342 26.731 27
343 26.723 27
344 26.771 27
345 26.773 27
346 26.782 27
347 26.751 27
348 26.745 27
349 26.751 27
350 26.748 27
351 26.725 27
352 26.734 27
353 26.739 27
354 26.723 27
355 26.763 27
356 26.768 27
357 26.734 27
358 26.731 27
359 26.716 27
360 26.731 27
361 26.747 27
362 26.722 27
363 26.715 27
364 26.711 27
365 26.688 27
366 26.705 27
367 26.682 27
368 26.715 27
369 26.699 27
370 26.673 27
371 26.658 27
372 26.662 27
373 26.679 27
374 26.704 27
375 26.725 27
376 26.709 27
377 26.681 27
378 26.715 27
379 26.739 27
380 26.753 27
381 26.781 27
382 26.785 27
383 26.744 27
384 26.746 27
385 26.784 27
386 26.79 27
387 26.815 27
388 26.807 27
389 26.809 27
390 26.827 27
391 26.815 27
392 26.816 27
393 26.792 27
394 26.805 27
395 26.788 27
396 26.791 27
397 26.808 27
398 26.805 27
399 26.788 27
400 26.815 27
401 26.833 27
402 26.839 27
403 26.838 27
404 26.809 27
405 26.812 27
406 26.812 27
407 26.794 27
408 26.739 27
409 26.771 27
410 26.774 27
411 26.784 27
412 26.785 27
413 26.821 27
414 26.804 27
415 26.824 27
416 26.826 27
417 26.787 27
418 26.815 27
419 26.799 27
420 26.809 27
421 26.776 27
422 26.764 27
423 26.785 27
424 26.775 27
425 26.772 27
426 26.769 27
427 26.772 27
428 26.769 27
429 26.798 27
430 26.799 27
431 26.81 27
432 26.802 27
433 26.791 27
434 26.823 27
435 26.822 27
436 26.824 27
437 26.832 27
438 26.803 27
439 26.811 27
440 26.811 28
441 26.817 28
442 26.838 28
443 26.846 27
444 26.887 27
445 26.883 27
446 26.881 27
447 26.859 27
448 26.881 28
449 26.871 28
450 26.866 28
451 26.822 28
452 26.819 28
453 26.776 28
454 26.755 28
455 26.738 28
456 26.717 28
457 26.727 28
458 26.734 28
459 26.746 28
460 26.779 28
461 26.821 28
462 26.852 27
463 26.833 27
464 26.792 27
465 26.809 27
466 26.799 27
467 26.806 27
468 26.806 27
469 26.793 27
470 26.803 27
471 26.798 27
472 26.798 27
473 26.796 27
474 26.772 27
475 26.789 27
476 26.761 27
477 26.783 27
478 26.768 27
479 26.793 27
480 26.787 27
481 26.822 27
482 26.813 27
483 26.807 27
484 26.79 27
485 26.758 27
486 26.766 27
487 26.759 27
488 26.767 28
489 26.759 28
490 26.738 28
491 26.795 28
492 26.776 28
493 26.785 28
494 26.748 28
495 26.761 28
496 26.78 28
497 26.791 28
498 26.783 28
499 26.817 28
500 26.808 28
501 26.785 28
502 26.81 28
503 26.808 28
504 26.841 27
505 26.814 27
506 26.809 27
507 26.809 27
508 26.799 27
509 26.783 27
510 26.784 27
511 26.788 27
512 26.794 27
513 26.79 28
514 26.807 28
515 26.81 28
516 26.765 28
517 26.735 28
518 26.727 27
519 26.678 27
520 26.675 27
521 26.693 27
522 26.683 27
523 26.624 27
524 26.647 27
525 26.667 27
526 26.633 27
527 26.605 27
528 26.625 27
529 26.642 27
530 26.681 27
531 26.671 27
532 26.694 27
533 26.676 28
534 26.746 28
535 26.72 28
536 26.687 28
537 26.748 27
538 26.727 27
539 26.726 27
540 26.71 28
541 26.722 28
542 26.711 28
543 26.699 27
544 26.719 27
545 26.723 28
546 26.719 28
547 26.735 28
548 26.767 28
549 26.75 28
550 26.72 28
551 26.72 28
552 26.734 28
553 26.746 27
554 26.751 27
555 26.715 27
556 26.732 27
557 26.732 27
558 26.708 27
559 26.703 27
560 26.744 27
561 26.764 27
562 26.754 27
563 26.731 27
564 26.723 27
565 26.729 27
566 26.768 27
567 26.793 28
568 26.76 27
569 26.756 27
570 26.743 27
571 26.742 27
572 26.753 27
573 26.75 27
574 26.753 28
575 26.739 28
576 26.761 27
577 26.75 28
578 26.768 28
579 26.768 27
580 26.741 28
581 26.764 28
582 26.828 28
583 26.818 28
584 26.821 28
585 26.822 28
586 26.832 28
587 26.854 28
588 26.861 28
589 26.843 28
590 26.808 28
591 26.823 28
592 26.804 28
593 26.807 28
594 26.791 28
595 26.807 28
596 26.786 28
597 26.791 28
598 26.792 28
599 26.809 28
600 26.82 28
601 26.831 28
602 26.823 28
603 26.799 28
604 26.814 28
605 26.787 28
606 26.795 28
607 26.819 28
608 26.801 28
609 26.746 28
610 26.758 28
611 26.775 28
612 26.802 28
613 26.762 28
614 26.787 28
615 26.768 28
616 26.79 28
617 26.778 28
618 26.791 28
619 26.775 28
620 26.788 28
621 26.782 28
622 26.809 28
623 26.788 28
624 26.786 28
625 26.749 28
626 26.738 28
627 26.728 28
628 26.749 28
629 26.766 28
630 26.751 28
631 26.756 28
632 26.77 28
633 26.726 28
634 26.743 28
635 26.744 28
636 26.77 28
637 26.762 28
638 26.789 28
639 26.807 28
640 26.797 28
641 26.81 28
642 26.817 28
643 26.806 28
644 26.831 28
645 26.838 28
646 26.826 28
647 26.819 28
648 26.783 28
649 26.787 28
650 26.778 28
651 26.835 28
652 26.822 28
653 26.821 28
654 26.8 28
655 26.809 28
656 26.834 28
657 26.849 28
658 26.858 28
659 26.87 28
660 26.888 28
661 26.855 28
662 26.875 28
663 26.809 28
664 26.801 28
665 26.839 28
666 26.808 28
667 26.777 28
668 26.779 28
669 26.777 28
670 26.786 28
671 26.776 28
672 26.789 28
673 26.812 28
674 26.814 28
675 26.83 28
676 26.817 28
677 26.803 28
678 26.81 28
679 26.797 28
680 26.754 28
681 26.809 28
682 26.82 28
683 26.828 28
684 26.855 28
685 26.87 28
686 26.907 28
687 26.902 28
688 26.875 28
689 26.859 28
690 26.867 28
691 26.835 28
692 26.869 28
693 26.884 28
694 26.851 28
695 26.88 28
696 26.887 28
697 26.879 28
698 26.865 28
699 26.883 28
700 26.928 28
701 26.875 28
702 26.912 28
703 26.908 28
704 26.906 28
705 26.94 28
706 26.929 28
707 26.956 28
708 26.944 28
709 26.965 28
710 26.949 28
711 26.958 28
712 26.986 28
713 26.994 28
714 27.005 28
715 27.037 28
716 27.047 28
717 27.039 28
718 27.05 28
719 27.036 28
720 27.006 28
721 26.971 28
722 26.973 28
723 26.933 28
724 26.957 28
725 26.982 28
726 26.966 28
727 26.974 28
728 26.963 28
729 26.956 28
730 26.956 28
731 26.97 28
732 27.032 28
733 27.012 28
734 27.019 28
735 26.985 28
736 26.958 28
737 26.986 28
738 27.018 28
739 26.986 28
740 26.986 28
741 26.981 28
742 27.039 28
743 27.033 28
744 27.037 28
745 27.069 28
746 27.074 28
747 27.04 28
748 26.987 28
749 26.951 28
750 26.943 28
751 26.891 28
752 26.914 28
753 26.927 28
754 26.979 28
755 27.023 28
756 26.99 28
757 26.981 28
758 26.92 28
759 26.991 28
760 26.97 28
761 26.967 28
762 26.904 28
763 26.928 28
764 26.929 28
765 26.928 28
766 26.955 28
767 26.948 28
768 26.992 28
769 27.053 28
770 27.038 28
771 27.013 28
772 26.982 28
773 26.973 28
774 27.023 28
775 27.095 28
776 27.144 28
777 27.168 28
778 27.122 28
779 27.135 28
780 27.123 28
781 27.134 28
782 27.155 28
783 27.21 28
784 27.262 28
785 27.268 28
786 27.268 28
787 27.293 28
788 27.337 28
789 27.328 28
790 27.36 28
791 27.376 28
792 27.387 28
793 27.41 28
794 27.371 28
795 27.384 28
796 27.384 28
797 27.422 28
798 27.44 28
799 27.438 28
800 27.421 28
801 27.437 28
802 27.434 28
803 27.411 28
804 27.42 28
805 27.389 28
806 27.382 28
807 27.384 28
808 27.397 28
809 27.437 28
810 27.415 28
811 27.401 28
812 27.358 28
813 27.363 28
814 27.361 28
815 27.351 28
816 27.431 28
817 27.417 28
818 27.379 28
819 27.41 28
820 27.4 28
821 27.386 28
822 27.408 28
823 27.429 28
824 27.437 28
825 27.457 28
826 27.434 28
827 27.419 28
828 27.421 28
829 27.438 28
830 27.447 28
831 27.484 28
832 27.474 28
833 27.472 28
834 27.472 28
835 27.462 28
836 27.504 28
837 27.525 28
838 27.516 28
839 27.556 28
840 27.583 28
841 27.588 28
842 27.555 28
843 27.581 28
844 27.64 28
845 27.649 28
846 27.659 28
847 27.671 28
848 27.692 28
849 27.707 28
850 27.704 28
851 27.671 28
852 27.712 28
853 27.698 28
854 27.699 28
855 27.704 28
856 27.664 28
857 27.668 28
858 27.627 28
859 27.63 28
860 27.626 28
861 27.609 28
862 27.606 28
863 27.583 28
864 27.601 28
865 27.552 28
866 27.568 28
867 27.576 28
868 27.562 28
869 27.562 28
870 27.517 28
871 27.568 28
872 27.574 28
873 27.575 28
874 27.574 28
875 27.591 28
876 27.572 28
877 27.561 28
878 27.546 28
879 27.541 28
880 27.54 28
881 27.537 28
882 27.561 28
883 27.572 28
884 27.545 28
885 27.556 28
886 27.608 28
887 27.628 28
888 27.624 28
889 27.653 28
890 27.65 28
891 27.639 28
892 27.623 28
893 27.622 28
894 27.605 28
895 27.59 28
896 27.605 28
897 27.586 28
898 27.594 28
899 27.582 28
900 27.57 28
901 27.591 28
902 27.599 28
903 27.639 28
904 27.657 28
905 27.661 28
906 27.676 28
907 27.693 28
908 27.686 28
909 27.726 28
910 27.705 28
911 27.68 28
912 27.695 28
913 27.719 28
914 27.731 28
915 27.731 28
916 27.737 28
917 27.749 28
918 27.759 28
919 27.789 28
920 27.794 28
921 27.8 28
922 27.783 28
923 27.762 28
924 27.781 28
925 27.786 28
926 27.761 28
927 27.767 28
928 27.777 28
929 27.798 28
930 27.792 28
931 27.745 28
932 27.76 28
933 27.813 28
934 27.792 28
935 27.743 28
936 27.749 28
937 27.752 28
938 27.732 28
939 27.726 28
940 27.758 28
941 27.734 28
942 27.72 28
943 27.682 28
944 27.677 28
945 27.697 28
946 27.652 28
947 27.628 28
948 27.678 28
949 27.676 28
950 27.734 28
951 27.745 28
952 27.718 28
953 27.727 28
954 27.715 28
955 27.747 28
956 27.755 28
957 27.786 28
958 27.761 28
959 27.761 28
960 27.77 28
961 27.74 28
962 27.701 28
963 27.689 28
964 27.66 28
965 27.606 28
966 27.627 28
967 27.615 28
968 27.652 28
969 27.663 28
970 27.665 28
971 27.67 28
972 27.66 28
973 27.641 28
974 27.65 28
975 27.649 28
976 27.652 28
977 27.625 28
978 27.641 28
979 27.618 28
980 27.623 28
981 27.614 28
982 27.646 28
983 27.654 28
984 27.661 28
985 27.654 28
986 27.662 28
987 27.664 28
988 27.753 28
989 27.754 28
990 27.746 28
991 27.743 28
992 27.752 28
993 27.723 28
994 27.744 28
995 27.746 28
996 27.757 28
997 27.766 28
998 27.739 28
999 27.738 28
