0 21.1 25
1 21.9 24
2 22.2 24
3 22.2 24
4 22.3 24
5 22.5 24
6 23.0 24
7 23.1 24
8 22.4 24
9 22.2 24
10 22.0 23
11 22.3 24
12 21.9 23
13 21.7 23
14 22.0 24
15 22.2 24
16 21.7 23
17 22.1 23
18 22.2 23
19 22.3 23
20 22.4 23
21 22.6 23
22 22.4 23
23 22.3 23
24 22.1 23
25 22.0 22
26 22.0 22
27 22.0 22
28 21.8 22
29 21.8 22
30 21.6 22
31 21.6 22
32 21.4 22
33 21.2 22
34 21.6 22
35 21.6 22
36 21.6 22
37 21.4 22
38 21.8 22
39 21.8 22
40 22.0 22
41 22.0 22
42 22.0 22
43 22.0 22
44 22.0 22
45 22.0 22
46 22.0 22
47 22.0 22
48 22.0 22
49 22.0 22
50 22.0 22
51 22.0 22
52 22.0 22
53 22.0 22
54 22.0 22
55 22.0 22
56 22.0 22
57 22.0 22
58 22.0 22
59 22.0 22
60 22.0 22
61 22.0 22
62 22.0 22
63 22.0 22
64 22.0 22
65 22.0 22
66 22.0 22
67 22.0 22
68 22.0 22
69 22.0 22
70 22.0 22
71 22.0 22
72 22.0 22
73 22.0 22
74 22.0 22
75 22.0 22
76 22.0 22
77 22.0 22
78 22.0 22
79 22.0 22
80 22.0 22
81 22.0 22
82 22.0 22
83 22.0 22
84 22.0 22
85 22.0 22
86 22.0 22
87 22.0 22
88 22.0 22
89 22.0 22
90 22.0 22
91 22.0 22
92 22.0 22
93 22.0 22
94 22.0 22
95 22.0 22
96 22.0 22
97 22.0 22
98 22.0 22
99 22.0 22
100 22.0 22
101 22.0 22
102 22.0 22
103 22.0 22
104 22.0 22
105 22.0 22
106 22.0 22
107 22.0 22
108 22.0 22
109 22.0 22
110 22.0 22
111 22.0 22
112 22.0 22
113 22.0 22
114 22.0 22
115 22.0 22
116 22.0 22
117 22.0 22
118 22.0 22
119 22.0 22
120 22.0 22
121 22.0 22
122 22.0 22
123 22.0 22
124 22.0 22
125 22.0 22
126 22.0 22
127 22.0 22
128 22.0 22
129 22.0 22
130 22.0 22
131 22.0 22
132 22.0 22
133 21.9 22
134 21.9 22
135 21.9 22
136 22.0 22
137 22.0 22
138 22.0 22
139 22.0 22
140 22.0 22
141 22.0 22
142 22.0 22
143 22.0 22
144 22.0 22
145 22.0 22
146 22.0 22
147 22.0 22
148 22.0 22
149 22.0 22
150 22.0 22
151 22.0 22
152 22.0 22
153 22.0 22
154 22.0 22
155 22.0 22
156 22.0 22
157 22.0 22
158 22.0 22
159 22.0 22
160 22.0 22
161 22.0 22
162 22.0 22
163 22.0 22
164 22.0 22
165 22.0 22
166 22.0 22
167 22.0 22
168 22.1 23
169 22.1 23
170 22.2 23
171 21.9 23
172 22.2 23
173 22.2 23
174 22.3 23
175 22.2 23
176 22.2 23
177 22.3 23
178 22.3 23
179 22.3 23
180 22.2 23
181 22.3 23
182 22.4 23
183 22.5 23
184 22.4 23
185 22.5 23
186 22.5 23
187 22.4 23
188 22.2 23
189 22.2 23
190 22.3 23
191 22.3 23
192 22.4 23
193 22.3 23
194 22.5 23
195 22.5 23
196 22.2 23
197 22.2 23
198 22.2 23
199 22.0 22
200 22.0 22
201 22.0 22
202 22.0 22
203 22.0 22
204 22.0 22
205 22.0 22
206 22.0 22
207 22.0 22
208 22.0 22
209 22.0 22
210 22.0 22
211 22.0 22
212 22.0 22
213 22.0 22
214 22.0 22
215 22.0 22
216 22.0 22
217 22.0 22
218 22.0 22
219 22.0 22
220 22.0 22
221 22.0 22
222 22.0 22
223 22.0 22
224 22.0 22
225 22.0 22
226 22.0 22
227 22.0 22
228 21.9 22
229 22.0 22
230 22.1 23
231 22.0 22
232 22.0 22
233 22.0 22
234 22.0 22
235 22.1 23
236 22.2 23
237 22.3 23
238 22.2 23
239 22.1 23
240 22.2 23
241 22.2 23
242 22.3 23
243 22.4 23
244 22.6 23
245 22.7 23
246 22.6 23
247 22.4 23
248 22.4 23
249 22.4 23
250 22.4 23
251 22.3 23
252 22.3 23
253 22.3 23
254 22.3 23
255 22.2 23
256 22.5 23
257 22.6 23
258 22.8 23
259 23.0 23
260 23.0 23
261 23.0 23
262 23.0 23
263 22.9 23
264 22.8 23
265 22.7 23
266 22.7 23
267 22.3 23
268 22.4 23
269 22.4 23
270 22.3 23
271 22.4 23
272 22.4 23
273 22.6 23
274 22.6 23
275 22.5 23
276 22.3 23
277 22.1 23
278 22.0 22
279 22.0 22
280 22.0 22
281 22.0 22
282 22.0 22
283 22.0 22
284 21.8 22
285 22.0 22
286 22.0 22
287 22.0 22
288 22.0 22
289 22.0 22
290 22.0 22
291 22.0 22
292 22.0 22
293 22.0 22
294 22.0 22
295 22.0 22
296 22.0 22
297 22.0 22
298 22.0 22
299 21.9 22
300 21.9 22
301 21.9 22
302 21.9 22
303 21.9 22
304 21.9 22
305 21.9 22
306 21.8 22
307 21.8 22
308 22.0 22
309 22.0 22
310 22.0 22
311 22.0 22
312 22.0 22
313 22.0 22
314 22.0 22
315 22.1 23
316 22.0 22
317 22.0 22
318 22.0 22
319 22.0 22
320 22.0 22
321 22.0 22
322 22.0 22
323 22.0 22
324 22.0 22
325 22.0 22
326 22.0 22
327 22.0 22
328 22.0 22
329 22.0 22
330 22.0 22
331 22.0 22
332 22.0 22
333 22.0 22
334 22.0 22
335 22.0 22
336 22.0 22
337 22.0 22
338 22.0 22
339 22.0 22
340 22.0 22
341 22.0 22
342 22.0 22
343 22.0 22
344 22.0 22
345 22.0 22
346 22.0 22
347 22.0 22
348 22.0 22
349 22.0 22
350 22.0 22
351 22.0 22
352 22.0 22
353 22.0 22
354 22.0 22
355 22.0 22
356 22.0 22
357 22.0 22
358 22.0 22
359 22.0 22
360 22.0 22
361 22.0 22
362 22.0 22
363 22.0 22
364 22.0 22
365 22.0 22
366 22.0 22
367 22.0 22
368 22.0 22
369 22.0 22
370 22.0 22
371 22.0 22
372 22.0 22
373 22.0 22
374 22.0 22
375 22.0 22
376 22.0 22
377 22.0 22
378 22.0 22
379 22.0 22
380 22.1 23
381 22.1 23
382 22.1 23
383 22.5 23
384 22.8 23
385 23.0 23
386 23.0 23
387 23.0 23
388 23.0 23
389 23.0 23
390 23.0 23
391 23.0 23
392 23.0 23
393 23.0 23
394 23.0 23
395 23.0 23
396 23.0 23
397 23.0 23
398 23.0 23
399 23.0 23
400 23.0 23
401 23.0 23
402 23.0 23
403 23.0 23
404 23.0 23
405 23.0 23
406 23.0 23
407 23.0 23
408 23.0 23
409 23.0 23
410 23.0 23
411 23.0 23
412 23.0 23
413 23.0 23
414 23.0 23
415 23.0 23
416 23.0 23
417 23.0 23
418 23.0 23
419 23.0 23
420 23.0 23
421 23.0 23
422 22.9 23
423 22.9 23
424 22.9 23
425 22.9 23
426 23.0 23
427 23.0 23
428 23.0 23
429 23.0 23
430 23.0 23
431 23.0 23
432 23.0 23
433 23.0 23
434 23.0 23
435 23.0 23
436 23.0 23
437 23.0 23
438 23.0 23
439 23.0 23
440 23.0 23
441 23.0 23
442 23.0 23
443 23.0 23
444 22.9 23
445 23.0 23
446 23.0 23
447 23.0 23
448 23.0 23
449 23.0 23
450 23.0 23
451 23.0 23
452 23.0 23
453 23.0 23
454 23.0 23
455 23.0 23
456 23.0 23
457 23.0 23
458 23.0 23
459 23.0 23
460 23.0 23
461 23.0 23
462 23.0 23
463 23.0 23
464 23.0 23
465 23.0 23
466 23.0 23
467 23.0 23
468 23.0 23
469 23.0 23
470 23.0 23
471 23.0 23
472 23.0 23
473 23.0 23
474 23.0 23
475 23.0 23
476 23.0 23
477 23.0 23
478 23.0 23
479 23.0 23
480 23.0 23
481 23.0 23
482 23.0 23
483 23.0 23
484 23.0 23
485 23.0 23
486 23.0 23
487 23.0 23
488 23.0 23
489 23.0 23
490 23.0 23
491 23.0 23
492 23.0 23
493 23.0 23
494 23.0 23
495 23.0 23
496 23.0 23
497 23.0 23
498 23.0 23
499 23.0 23
500 23.0 23
501 23.0 23
502 23.0 23
503 23.0 23
504 23.0 23
505 23.0 23
506 23.0 23
507 23.0 23
508 23.0 23
509 23.0 23
510 23.0 23
511 23.0 23
512 23.0 23
513 23.0 23
514 23.0 23
515 23.0 23
516 23.0 23
517 23.0 23
518 23.0 23
519 23.0 23
520 23.0 23
521 23.0 23
522 23.0 23
523 23.0 23
524 23.0 23
525 23.0 23
526 23.0 23
527 23.0 23
528 23.0 23
529 23.0 23
530 23.0 23
531 23.0 23
532 23.0 23
533 23.0 23
534 23.0 23
535 23.0 23
536 23.0 23
537 23.0 23
538 23.0 23
539 23.0 23
540 23.0 23
541 23.0 23
542 23.0 23
543 23.0 23
544 23.0 23
545 23.0 23
546 23.0 23
547 23.0 23
548 23.0 23
549 22.9 23
550 23.0 23
551 23.0 23
552 23.0 23
553 23.0 23
554 23.0 23
555 23.0 23
556 22.9 23
557 22.9 23
558 23.0 23
559 23.0 23
560 23.0 23
561 23.0 23
562 23.0 23
563 23.0 23
564 23.0 23
565 22.9 23
566 22.9 23
567 22.8 23
568 23.0 23
569 23.0 23
570 23.0 23
571 23.0 23
572 23.0 23
573 23.0 23
574 23.0 23
575 23.0 23
576 23.0 23
577 23.0 23
578 23.0 23
579 23.0 23
580 23.0 23
581 23.0 23
582 23.0 23
583 23.0 23
584 23.0 23
585 23.0 23
586 23.0 23
587 23.0 23
588 23.0 23
589 23.0 23
590 23.0 23
591 23.0 23
592 23.0 23
593 23.0 23
594 23.0 23
595 23.0 23
596 23.0 23
597 23.0 23
598 23.0 23
599 23.0 23
600 23.0 23
601 23.0 23
602 23.0 23
603 23.0 23
604 22.9 23
605 22.8 23
606 22.7 23
607 22.7 23
608 23.0 23
609 23.0 23
610 23.0 23
611 23.0 23
612 23.0 23
613 23.0 23
614 23.0 23
615 23.0 23
616 23.0 23
617 23.0 23
618 23.0 23
619 23.0 23
620 23.0 23
621 23.0 23
622 23.0 23
623 23.0 23
624 23.0 23
625 23.0 23
626 23.0 23
627 23.0 23
628 23.0 23
629 23.0 23
630 23.0 23
631 23.0 23
632 23.0 23
633 23.0 23
634 23.0 23
635 23.0 23
636 23.0 23
637 23.0 23
638 23.0 23
639 23.0 23
640 23.0 23
641 23.0 23
642 23.0 23
643 23.0 23
644 23.0 23
645 23.0 23
646 23.0 23
647 23.0 23
648 23.0 23
649 23.0 23
650 23.0 23
651 23.0 23
652 23.0 23
653 23.0 23
654 23.0 23
655 23.0 23
656 23.0 23
657 23.0 23
658 23.0 23
659 23.0 23
660 23.0 23
661 23.0 23
662 23.0 23
663 23.0 23
664 23.0 23
665 23.0 23
666 23.0 23
667 23.0 23
668 23.0 23
669 23.0 23
670 23.0 23
671 23.0 23
672 23.0 23
673 23.0 23
674 23.0 23
675 23.0 23
676 23.0 23
677 23.0 23
678 23.0 23
679 23.0 23
680 23.0 23
681 23.0 23
682 23.0 23
683 23.0 23
684 23.0 23
685 22.8 23
686 22.6 23
687 22.8 23
688 22.8 23
689 22.8 23
690 22.9 24
691 22.9 24
692 23.1 24
693 23.1 24
694 23.1 24
695 23.0 23
696 23.0 23
697 23.0 23
698 23.0 23
699 23.0 23
700 23.0 23
701 23.0 23
702 23.0 23
703 23.0 23
704 23.0 23
705 23.0 23
706 22.9 23
707 23.0 23
708 23.0 23
709 23.0 23
710 23.0 23
711 23.0 23
712 23.0 23
713 23.0 23
714 23.0 23
715 23.0 23
716 23.0 23
717 23.0 23
718 23.0 23
719 23.0 23
720 23.0 23
721 23.0 23
722 23.0 23
723 23.0 23
724 22.9 23
725 23.0 23
726 23.0 23
727 23.0 23
728 23.0 23
729 23.0 23
730 23.0 23
731 23.0 23
732 23.0 23
733 23.0 23
734 23.0 23
735 23.0 23
736 23.0 23
737 23.0 23
738 23.0 23
739 23.0 23
740 23.0 23
741 23.0 23
742 23.0 23
743 23.0 23
744 23.0 23
745 23.0 23
746 23.0 23
747 23.0 23
748 23.0 23
749 23.0 23
750 23.0 23
751 23.0 23
752 23.0 23
753 23.0 23
754 23.0 23
755 23.0 23
756 23.0 23
757 23.0 23
758 23.0 23
759 23.0 23
760 22.9 23
761 22.9 23
762 22.9 23
763 22.9 24
764 22.9 23
765 22.9 23
766 23.0 23
767 22.9 23
768 23.0 23
769 23.0 23
770 23.0 23
771 23.0 23
772 23.0 23
773 23.0 23
774 23.0 23
775 23.1 24
776 23.0 23
777 23.0 23
778 23.0 23
779 23.0 23
780 23.0 23
781 23.0 23
782 23.0 23
783 23.0 23
784 23.0 23
785 23.0 23
786 23.0 23
787 23.0 23
788 23.0 23
789 23.0 23
790 23.0 23
791 23.0 23
792 23.0 23
793 23.0 23
794 23.0 23
795 23.0 23
796 23.0 23
797 23.0 23
798 23.0 23
799 23.0 23
800 23.0 23
801 23.0 23
802 23.0 23
803 23.0 23
804 23.0 23
805 22.9 23
806 22.8 23
807 22.8 23
808 22.8 23
809 22.8 23
810 22.7 23
811 22.7 23
812 22.5 23
813 22.5 23
814 22.5 23
815 22.4 23
816 22.4 23
817 22.7 23
818 22.6 23
819 22.9 23
820 23.0 23
821 23.0 23
822 23.0 23
823 23.0 23
824 23.0 23
825 23.0 23
826 23.0 23
827 23.0 23
828 23.0 23
829 22.9 23
830 22.8 23
831 22.8 23
832 22.8 23
833 22.8 23
834 22.8 23
835 22.7 23
836 22.6 23
837 22.6 23
838 22.6 23
839 22.6 23
840 22.6 23
841 22.8 23
842 22.9 23
843 22.9 23
844 23.0 23
845 23.0 23
846 23.0 23
847 23.0 23
848 23.0 23
849 23.0 23
850 23.0 23
851 23.0 23
852 23.0 23
853 23.0 23
854 23.0 23
855 23.0 23
856 23.0 23
857 23.0 23
858 22.9 23
859 22.8 23
860 22.9 23
861 22.9 23
862 22.9 23
863 22.7 23
864 22.7 23
865 22.9 23
866 23.0 23
867 23.0 23
868 23.0 23
869 23.0 23
870 23.0 23
871 23.0 23
872 23.0 23
873 23.0 23
874 23.0 23
875 23.0 23
876 23.0 23
877 23.0 23
878 23.0 23
879 23.0 23
880 23.0 23
881 23.0 23
882 23.0 23
883 23.0 23
884 23.0 23
885 23.0 23
886 23.0 23
887 23.0 23
888 23.1 24
889 23.0 23
890 23.0 23
891 23.0 23
892 23.0 23
893 23.0 23
894 23.0 23
895 23.0 23
896 23.0 23
897 23.0 23
898 23.0 23
899 23.0 23
900 23.0 23
901 23.0 23
902 23.0 23
903 23.0 23
904 23.0 23
905 23.0 23
906 23.0 23
907 23.0 23
908 23.0 23
909 23.0 23
910 23.0 23
911 23.0 23
912 23.0 23
913 23.0 23
914 23.0 23
915 23.0 23
916 23.0 23
917 23.0 23
918 23.0 23
919 23.0 23
920 23.0 23
921 23.0 23
922 23.0 23
923 23.0 23
924 23.0 23
925 23.0 23
926 23.0 23
927 23.0 23
928 23.0 23
929 23.0 23
930 23.0 23
931 23.0 23
932 23.0 23
933 23.0 23
934 23.0 23
935 23.0 23
936 23.0 23
937 23.0 23
938 23.0 23
939 23.0 23
940 23.0 23
941 23.0 23
942 23.0 23
943 23.0 23
944 23.0 23
945 23.0 23
946 23.0 23
947 23.0 23
948 23.0 23
949 23.0 23
950 23.0 23
951 23.1 24
952 23.2 24
953 23.1 24
954 23.0 23
955 23.0 23
956 23.0 23
957 23.0 23
958 23.0 23
959 23.0 23
960 23.0 23
961 23.0 23
962 23.0 23
963 23.0 23
964 23.0 23
965 23.0 23
966 23.0 23
967 23.0 23
968 23.0 23
969 23.0 23
970 23.0 23
971 23.0 23
972 23.0 23
973 23.0 23
974 23.0 23
975 23.0 23
976 23.0 23
977 23.0 23
978 23.0 23
979 23.0 23
980 23.0 23
981 23.0 23
982 23.0 23
983 23.0 23
984 23.0 23
985 23.0 23
986 23.0 23
987 23.0 23
988 23.0 23
989 23.0 23
990 23.0 23
991 23.0 23
992 23.0 23
993 23.0 23
994 23.0 23
995 23.0 23
996 23.0 23
997 23.0 23
998 23.0 23
999 23.0 23
