0 21.51 26
1 21.595 26
2 21.572 26
3 21.661 26
4 21.699 26
5 21.741 26
6 21.81 26
7 21.707 26
8 21.749 27
9 21.762 26
10 21.828 26
11 21.909 26
12 21.92 27
13 21.885 26
14 21.818 26
15 21.821 26
16 21.845 26
17 21.9 26
18 21.951 26
19 21.995 26
20 22.096 26
21 22.042 26
22 21.946 27
23 22.041 27
24 21.961 27
25 22.004 27
26 22.114 26
27 22.166 26
28 22.157 26
29 22.199 26
30 22.135 27
31 22.056 26
32 22.142 26
33 22.163 26
34 22.117 26
35 22.133 27
36 22.133 27
37 22.121 26
38 22.1 26
39 22.101 26
40 22.198 27
41 22.185 26
42 22.239 27
43 22.226 27
44 22.148 27
45 22.141 27
46 22.118 26
47 22.08 26
48 22.151 26
49 22.174 27
50 22.202 27
51 22.123 26
52 22.136 26
53 22.323 26
54 22.309 26
55 22.255 26
56 22.271 27
57 22.306 26
58 22.31 26
59 22.313 26
60 22.329 27
61 22.418 27
62 22.412 26
63 22.419 26
64 22.41 26
65 22.491 27
66 22.428 26
67 22.436 27
68 22.449 26
69 22.414 26
70 22.363 26
71 22.375 27
72 22.376 26
73 22.377 27
74 22.423 27
75 22.455 26
76 22.445 26
77 22.528 26
78 22.453 26
79 22.468 26
80 22.535 26
81 22.518 26
82 22.416 26
83 22.423 26
84 22.406 26
85 22.455 27
86 22.46 27
87 22.455 27
88 22.477 26
89 22.49 27
90 22.47 27
91 22.428 27
92 22.507 27
93 22.447 27
94 22.506 27
95 22.434 27
96 22.439 27
97 22.461 27
98 22.448 26
99 22.575 27
100 22.596 27
101 22.618 26
102 22.645 27
103 22.757 27
104 22.782 27
105 22.709 27
106 22.718 27
107 22.758 27
108 22.706 27
109 22.73 27
110 22.745 27
111 22.846 27
112 22.815 27
113 22.856 27
114 22.93 27
115 23.002 27
116 23.007 27
117 23.115 27
118 23.13 27
119 23.17 27
120 23.215 27
121 23.27 27
122 23.33 27
123 23.278 27
124 23.291 27
125 23.244 27
126 23.238 28
127 23.227 28
128 23.38 28
129 23.415 28
130 23.414 28
131 23.439 28
132 23.469 28
133 23.572 28
134 23.632 28
135 23.655 28
136 23.67 28
137 23.78 28
138 23.817 28
139 23.889 28
140 23.896 28
141 23.928 28
142 23.941 28
143 23.979 28
144 23.989 28
145 23.987 28
146 23.984 28
147 24.08 28
148 24.193 28
149 24.25 28
150 24.343 28
151 24.384 28
152 24.468 28
153 24.496 28
154 24.548 27
155 24.558 28
156 24.599 28
157 24.621 28
158 24.638 27
159 24.698 27
160 24.697 27
161 24.789 27
162 24.836 27
163 24.808 27
164 24.852 28
165 24.895 28
166 24.893 28
167 24.943 28
168 24.981 27
169 25.044 28
170 25.082 28
171 25.061 28
172 25.058 28
173 25.095 28
174 25.202 28
175 25.228 28
176 25.223 28
177 25.241 28
178 25.291 27
179 25.29 27
180 25.266 28
181 25.256 27
182 25.35 28
183 25.368 28
184 25.445 28
185 25.446 27
186 25.428 28
187 25.494 27
188 25.545 27
189 25.555 28
190 25.552 27
191 25.6 27
192 25.613 27
193 25.641 27
194 25.706 27
195 25.699 27
196 25.749 27
197 25.737 27
198 25.752 27
199 25.762 27
200 25.826 27
201 25.855 27
202 25.833 27
203 25.892 27
204 25.907 27
205 25.914 27
206 25.916 27
207 25.906 27
208 25.9 27
209 25.935 27
210 25.922 27
211 25.91 27
212 25.961 27
213 25.967 27
214 26.006 27
215 26.006 27
216 26.005 27
217 26.043 27
218 26.014 27
219 26.033 27
220 26.102 27
221 26.075 27
222 26.099 27
223 26.042 27
224 26.07 27
225 26.077 27
226 26.101 27
227 26.14 27
228 26.102 27
229 26.126 27
230 26.131 27
231 26.127 27
232 26.184 27
233 26.162 27
234 26.211 27
235 26.194 27
236 26.194 27
237 26.189 27
238 26.177 27
239 26.134 27
240 26.123 27
241 26.177 27
242 26.172 27
243 26.195 27
244 26.19 27
245 26.212 27
246 26.26 27
247 26.255 27
248 26.255 27
249 26.245 27
250 26.231 27
251 26.22 27
252 26.268 27
253 26.266 27
254 26.296 27
255 26.271 27
256 26.345 27
257 26.333 27
258 26.307 27
259 26.305 27
260 26.3 27
261 26.287 27
262 26.258 27
263 26.287 27
264 26.309 27
265 26.279 27
266 26.264 27
267 26.288 27
268 26.274 27
269 26.337 27
270 26.4 27
271 26.407 27
272 26.42 27
273 26.432 27
274 26.395 27
275 26.4 27
276 26.406 27
277 26.432 27
278 26.43 27
279 26.423 27
280 26.388 27
281 26.35 27
282 26.407 27
283 26.426 27
284 26.408 27
285 26.403 27
286 26.361 27
287 26.371 27
288 26.378 27
289 26.394 27
290 26.338 27
291 26.346 27
292 26.365 27
293 26.369 27
294 26.385 27
295 26.395 27
296 26.356 27
297 26.395 27
298 26.424 27
299 26.389 27
300 26.342 27
301 26.352 27
302 26.406 27
303 26.413 27
304 26.415 27
305 26.434 27
306 26.4 27
307 26.402 28
308 26.397 27
309 26.372 27
310 26.45 27
311 26.476 27
312 26.485 27
313 26.481 27
314 26.502 27
315 26.518 27
316 26.547 27
317 26.583 27
318 26.586 27
319 26.547 27
320 26.563 27
321 26.567 27
322 26.594 27
323 26.591 27
324 26.565 27
325 26.568 27
326 26.53 27
327 26.53 27
328 26.55 27
329 26.563 27
330 26.568 27
331 26.555 27
332 26.553 27
333 26.575 27
334 26.544 27
335 26.559 27
336 26.563 27
337 26.563 27
338 26.548 27
339 26.558 27
340 26.547 27
341 26.551 27
342 26.509 27
343 26.546 27
344 26.559 28
345 26.597 28
346 26.599 28
347 26.624 28
348 26.653 28
349 26.648 27
350 26.635 27
351 26.622 27
352 26.635 27
353 26.599 27
354 26.591 27
355 26.59 27
356 26.567 27
357 26.584 27
358 26.575 27
359 26.599 27
360 26.613 28
361 26.646 28
362 26.634 28
363 26.647 28
364 26.644 28
365 26.669 28
366 26.645 28
367 26.655 28
368 26.611 28
369 26.61 27
370 26.591 27
371 26.609 27
372 26.575 27
373 26.573 27
374 26.598 28
375 26.583 27
376 26.574 27
377 26.544 27
378 26.548 27
379 26.507 27
380 26.574 27
381 26.568 27
382 26.607 28
383 26.574 28
384 26.57 27
385 26.59 28
386 26.581 27
387 26.61 27
388 26.59 27
389 26.641 27
390 26.613 27
391 26.605 27
392 26.591 27
393 26.579 27
394 26.613 27
395 26.609 27
396 26.63 27
397 26.609 27
398 26.645 27
399 26.615 27
400 26.641 27
401 26.668 27
402 26.659 27
403 26.701 27
404 26.71 27
405 26.719 27
406 26.711 27
407 26.746 27
408 26.743 27
409 26.724 27
410 26.716 27
411 26.71 27
412 26.685 27
413 26.695 27
414 26.68 27
415 26.729 27
416 26.725 27
417 26.735 27
418 26.73 27
419 26.744 27
420 26.71 27
421 26.716 27
422 26.732 27
423 26.714 27
424 26.737 27
425 26.744 27
426 26.741 28
427 26.726 27
428 26.71 27
429 26.728 27
430 26.674 27
431 26.636 27
432 26.663 27
433 26.689 27
434 26.681 27
435 26.694 27
436 26.69 27
437 26.67 27
438 26.683 27
439 26.689 27
440 26.65 27
441 26.649 27
442 26.655 27
443 26.665 27
444 26.653 27
445 26.652 27
446 26.689 27
447 26.65 27
448 26.642 27
449 26.643 27
450 26.632 27
451 26.635 27
452 26.652 27
453 26.626 27
454 26.647 27
455 26.633 27
456 26.646 28
457 26.654 28
458 26.632 28
459 26.618 28
460 26.617 28
461 26.611 28
462 26.615 28
463 26.649 28
464 26.607 28
465 26.641 28
466 26.677 28
467 26.674 28
468 26.655 28
469 26.662 28
470 26.643 28
471 26.631 28
472 26.666 28
473 26.659 28
474 26.62 28
475 26.616 28
476 26.616 28
477 26.621 28
478 26.638 28
479 26.636 28
480 26.644 27
481 26.647 28
482 26.643 28
483 26.637 28
484 26.633 28
485 26.626 28
486 26.59 28
487 26.648 28
488 26.613 28
489 26.675 28
490 26.671 28
491 26.695 27
492 26.67 28
493 26.646 28
494 26.659 28
495 26.704 28
496 26.739 28
497 26.738 27
498 26.713 27
499 26.74 27
