0 21.6 23
1 21.3 23
2 21.3 22
3 21.0 22
4 21.1 23
5 21.6 23
6 21.7 23
7 21.5 23
8 21.5 23
9 21.2 23
10 21.6 23
11 21.9 23
12 22.1 23
13 22.2 23
14 22.3 24
15 22.4 24
16 22.5 24
17 22.5 24
18 22.6 23
19 22.8 24
20 22.8 23
21 22.9 23
22 23.1 24
23 23.2 24
24 23.1 24
25 23.0 23
26 23.0 23
27 23.0 23
28 23.0 23
29 23.0 23
30 23.0 23
31 23.0 23
32 23.0 23
33 23.0 23
34 23.0 23
35 23.0 23
36 23.0 23
37 23.0 23
38 23.0 23
39 23.0 23
40 23.0 23
41 23.0 23
42 23.0 23
43 23.0 23
44 23.0 23
45 23.0 23
46 23.0 23
47 23.0 23
48 23.0 23
49 23.0 23
50 23.0 23
51 23.0 23
52 23.0 23
53 23.0 23
54 23.0 23
55 23.0 23
56 23.0 23
57 23.0 23
58 23.0 23
59 23.0 23
60 23.0 23
61 23.0 23
62 23.0 23
63 23.0 23
64 23.0 23
65 23.0 23
66 23.0 23
67 23.0 23
68 23.0 23
69 23.0 23
70 23.0 23
71 23.0 23
72 23.0 23
73 23.0 23
74 23.0 23
75 23.0 23
76 23.0 23
77 23.0 23
78 23.0 23
79 23.0 23
80 23.0 23
81 23.0 23
82 23.0 23
83 23.0 23
84 23.0 23
85 23.0 23
86 23.1 24
87 23.0 23
88 23.0 23
89 23.0 23
90 23.0 23
91 23.0 23
92 23.0 23
93 23.0 23
94 23.0 23
95 23.0 23
96 23.0 23
97 23.0 23
98 23.0 23
99 23.0 23
100 23.0 23
101 23.0 23
102 23.0 23
103 23.0 23
104 23.0 23
105 23.0 23
106 23.0 23
107 23.0 23
108 23.0 23
109 23.0 23
110 23.0 23
111 23.0 23
112 23.0 23
113 23.0 23
114 23.0 23
115 23.0 23
116 23.0 23
117 23.0 23
118 23.0 23
119 23.0 23
120 23.0 23
121 23.0 23
122 23.0 23
123 23.0 23
124 23.0 23
125 23.0 23
126 23.0 23
127 23.0 23
128 23.0 23
129 23.0 23
130 23.0 23
131 23.0 23
132 23.0 23
133 23.2 25
134 23.4 25
135 23.2 25
136 23.4 25
137 23.6 25
138 23.6 25
139 23.4 25
140 23.8 25
141 23.4 25
142 23.4 25
143 23.4 25
144 23.0 23
145 23.0 23
146 23.0 23
147 23.0 23
148 23.0 23
149 23.0 23
150 23.0 23
151 23.0 23
152 23.0 23
153 23.0 23
154 23.0 23
155 23.0 23
156 23.0 23
157 23.0 23
158 23.1 24
159 23.1 24
160 23.1 24
161 23.3 24
162 23.5 24
163 23.8 24
164 23.6 24
165 23.4 24
166 23.1 24
167 23.0 23
168 23.0 23
169 23.0 23
170 23.0 23
171 23.1 24
172 23.1 24
173 23.0 23
174 23.0 23
175 23.0 23
176 23.0 23
177 23.0 23
178 23.0 23
179 23.0 23
180 22.9 23
181 23.0 23
182 23.0 23
183 23.0 23
184 23.0 23
185 23.0 23
186 23.0 23
187 23.0 23
188 23.0 23
189 23.0 23
190 23.0 23
191 23.0 23
192 23.0 23
193 23.0 23
194 23.0 23
195 23.0 23
196 23.0 23
197 23.0 23
198 23.0 23
199 23.0 23
200 23.0 23
201 23.0 23
202 23.0 23
203 23.0 23
204 23.0 23
205 23.0 23
206 23.0 23
207 23.0 23
208 23.0 23
209 23.0 23
210 23.0 23
211 23.0 23
212 23.0 23
213 23.0 23
214 23.0 23
215 23.0 23
216 23.0 23
217 23.0 23
218 23.0 23
219 23.0 23
220 23.0 23
221 23.0 23
222 23.0 23
223 23.0 23
224 23.0 23
225 22.9 23
226 22.9 23
227 23.0 23
228 23.0 23
229 23.0 23
230 23.0 23
231 23.0 23
232 23.0 23
233 23.0 23
234 23.0 23
235 23.0 23
236 23.0 23
237 23.0 23
238 23.0 23
239 23.0 23
240 23.0 23
241 23.0 23
242 23.0 23
243 23.0 23
244 23.0 23
245 23.0 23
246 23.0 23
247 23.0 23
248 23.0 23
249 23.0 23
250 23.0 23
251 23.0 23
252 23.0 23
253 23.0 23
254 23.0 23
255 23.0 23
256 23.0 23
257 23.0 23
258 22.9 23
259 22.7 23
260 22.8 23
261 22.6 23
262 22.2 23
263 22.4 23
264 22.6 23
265 22.8 23
266 22.8 23
267 22.8 23
268 22.8 23
269 22.2 23
270 22.2 23
271 22.2 23
272 22.6 23
273 22.4 23
274 22.2 23
275 22.0 23
276 22.5 24
277 22.0 23
278 21.4 23
279 21.8 23
280 21.8 23
281 21.6 23
282 22.0 23
283 22.0 23
284 22.4 23
285 22.2 23
286 22.2 23
287 22.4 23
288 21.8 23
289 22.2 23
290 22.4 23
291 22.8 23
292 22.6 23
293 23.0 23
294 23.0 23
295 23.1 24
296 23.1 24
297 23.0 23
298 22.8 23
299 22.4 23
300 22.2 23
301 22.6 23
302 23.0 23
303 23.0 23
304 23.0 23
305 23.0 23
306 23.0 23
307 23.0 23
308 23.0 23
309 23.0 23
310 23.0 23
311 23.0 23
312 23.0 23
313 23.0 23
314 23.0 23
315 23.0 23
316 23.0 23
317 23.0 23
318 23.0 23
319 23.0 23
320 23.0 23
321 22.8 23
322 22.6 23
323 22.4 23
324 22.5 23
325 22.3 23
326 22.4 23
327 22.6 23
328 22.6 23
329 22.6 23
330 22.8 23
331 23.0 23
332 23.0 23
333 23.0 23
334 23.0 23
335 23.0 23
336 23.0 23
337 23.0 23
338 23.0 23
339 23.0 23
340 23.0 23
341 23.0 23
342 23.0 23
343 23.0 23
344 23.0 23
345 23.0 23
346 23.0 23
347 23.0 23
348 23.0 23
349 23.0 23
350 23.0 23
351 23.0 23
352 23.0 23
353 22.9 23
354 22.8 23
355 22.5 23
356 22.7 23
357 22.8 23
358 22.9 23
359 22.9 23
360 22.9 23
361 23.0 23
362 23.0 23
363 23.0 23
364 23.0 23
365 23.0 23
366 23.0 23
367 23.0 23
368 23.0 23
369 23.0 23
370 23.0 23
371 23.0 23
372 23.0 23
373 23.0 23
374 23.0 23
375 23.0 23
376 23.1 24
377 23.3 24
378 23.4 24
379 23.5 24
380 23.2 24
381 22.8 24
382 22.7 23
383 22.7 23
384 22.8 23
385 22.8 23
386 22.7 23
387 22.7 23
388 22.9 24
389 22.8 24
390 22.7 23
391 22.6 23
392 22.6 23
393 22.5 23
394 22.7 23
395 22.7 23
396 22.6 23
397 22.3 23
398 22.4 23
399 22.5 23
400 22.6 23
401 22.6 23
402 22.7 23
403 22.8 24
404 22.7 23
405 23.0 23
406 23.0 23
407 23.0 23
408 23.0 23
409 23.0 23
410 23.0 23
411 23.0 23
412 23.0 23
413 23.0 23
414 23.0 23
415 23.0 23
416 23.0 23
417 23.0 23
418 23.0 23
419 23.0 23
420 23.0 23
421 23.0 23
422 23.0 23
423 23.0 23
424 23.0 23
425 23.0 23
426 23.0 23
427 23.0 23
428 23.0 23
429 23.0 23
430 23.0 23
431 23.0 23
432 23.0 23
433 23.0 23
434 22.9 23
435 22.9 23
436 23.0 23
437 23.0 23
438 23.0 23
439 23.1 24
440 23.0 23
441 23.0 23
442 23.0 23
443 23.0 23
444 23.0 23
445 22.8 23
446 22.8 23
447 22.6 23
448 22.6 23
449 22.6 23
450 23.0 23
451 23.0 23
452 23.0 23
453 23.0 23
454 23.0 23
455 23.0 23
456 23.0 23
457 23.0 23
458 23.0 23
459 23.0 23
460 23.0 23
461 23.0 23
462 23.0 23
463 23.2 25
464 23.0 23
465 23.0 23
466 23.0 23
467 23.0 23
468 23.0 23
469 23.0 23
470 23.0 23
471 23.0 23
472 23.0 23
473 23.0 23
474 23.0 23
475 23.0 23
476 23.0 23
477 23.0 23
478 23.0 23
479 23.0 23
480 23.0 23
481 23.0 23
482 23.0 23
483 23.0 23
484 23.0 23
485 23.0 23
486 23.0 23
487 23.0 23
488 23.0 23
489 23.0 23
490 23.0 23
491 23.0 23
492 23.0 23
493 23.0 23
494 23.0 23
495 23.0 23
496 23.0 23
497 23.1 24
498 23.1 24
499 23.1 24
500 23.2 24
501 23.2 24
502 23.2 24
503 23.1 24
504 23.2 24
505 23.1 24
506 23.1 24
507 23.0 23
508 23.0 23
509 23.0 23
510 23.0 23
511 23.0 23
512 23.0 23
513 23.0 23
514 23.0 23
515 23.0 23
516 23.0 23
517 23.0 23
518 23.0 23
519 23.0 23
520 23.0 23
521 23.0 23
522 23.0 23
523 23.0 23
524 23.0 23
525 23.0 23
526 23.0 23
527 23.0 23
528 23.0 23
529 23.0 23
530 23.0 23
531 23.0 23
532 23.0 23
533 23.0 23
534 23.0 23
535 23.0 23
536 23.0 23
537 23.0 23
538 23.0 23
539 23.0 23
540 23.0 23
541 23.0 23
542 23.0 23
543 23.0 23
544 23.0 23
545 23.0 23
546 23.0 23
547 23.0 23
548 23.0 23
549 23.0 23
550 22.9 23
551 22.9 23
552 22.8 23
553 22.5 23
554 22.4 23
555 22.3 23
556 22.1 23
557 22.2 23
558 22.3 23
559 22.5 23
560 22.5 24
561 22.8 24
562 22.7 24
563 22.5 23
564 22.6 23
565 22.4 23
566 22.3 23
567 22.5 23
568 22.3 23
569 22.3 23
570 22.4 23
571 22.5 23
572 22.5 23
573 22.4 23
574 22.5 23
575 22.8 23
576 22.7 23
577 22.8 24
578 23.2 24
579 23.2 24
580 23.0 23
581 23.0 23
582 23.0 23
583 23.0 23
584 23.0 23
585 23.0 23
586 23.0 23
587 23.0 23
588 23.0 23
589 23.0 23
590 23.0 23
591 23.0 23
592 23.0 23
593 23.0 23
594 23.0 23
595 23.0 23
596 23.0 23
597 23.0 23
598 23.0 23
599 23.0 23
600 23.0 23
601 23.0 23
602 23.0 23
603 23.0 23
604 23.0 23
605 23.1 24
606 22.8 23
607 22.8 23
608 23.0 23
609 23.0 23
610 23.0 23
611 23.0 23
612 23.2 25
613 23.4 25
614 23.2 25
615 23.4 25
616 23.4 25
617 23.4 25
618 23.0 23
619 23.0 23
620 23.0 23
621 23.0 23
622 23.0 23
623 23.0 23
624 23.0 23
625 23.1 24
626 23.2 24
627 23.0 23
628 23.0 23
629 23.0 23
630 23.0 23
631 23.0 23
632 23.0 23
633 22.8 23
634 23.0 23
635 23.0 23
636 22.8 23
637 23.0 23
638 23.0 23
639 23.0 23
640 23.0 23
641 23.0 23
642 23.0 23
643 23.0 23
644 23.0 23
645 23.0 23
646 23.0 23
647 23.0 23
648 23.0 23
649 23.0 23
650 23.0 23
651 23.0 23
652 23.0 23
653 23.0 23
654 23.0 23
655 23.0 23
656 23.0 23
657 23.0 23
658 23.0 23
659 23.0 23
660 23.0 23
661 23.0 23
662 23.0 23
663 23.0 23
664 23.0 23
665 23.0 23
666 23.0 23
667 23.0 23
668 23.0 23
669 23.0 23
670 23.0 23
671 23.0 23
672 22.9 23
673 22.8 23
674 22.9 23
675 22.6 23
676 22.5 23
677 22.5 23
678 22.5 23
679 22.3 23
680 22.3 23
681 22.3 23
682 22.2 23
683 22.2 23
684 22.2 23
685 22.3 23
686 22.1 23
687 22.1 23
688 22.1 23
689 22.0 23
690 22.1 23
691 22.4 23
692 22.8 23
693 22.8 23
694 22.8 23
695 23.0 23
696 23.0 23
697 23.0 23
698 23.0 23
699 23.0 23
700 23.0 23
701 23.0 23
702 23.0 23
703 23.0 23
704 23.0 23
705 23.0 23
706 23.0 23
707 23.0 23
708 23.0 23
709 23.0 23
710 23.0 23
711 23.0 23
712 23.0 23
713 23.0 23
714 23.0 23
715 23.0 23
716 22.9 23
717 22.9 23
718 22.9 23
719 22.9 23
720 22.9 23
721 22.9 23
722 22.8 23
723 22.7 23
724 22.8 23
725 22.9 23
726 22.9 23
727 22.7 23
728 22.7 23
729 22.8 23
730 22.7 23
731 22.5 23
732 22.7 23
733 22.7 23
734 22.8 23
735 22.8 23
736 22.7 24
737 22.8 23
738 23.0 23
739 23.0 23
740 23.0 23
741 22.8 23
742 23.0 23
743 23.0 23
744 23.0 23
745 23.0 23
746 23.0 23
747 23.0 23
748 23.0 23
749 23.0 23
750 23.0 23
751 23.0 23
752 23.0 23
753 23.0 23
754 22.9 23
755 23.0 23
756 23.0 23
757 23.0 23
758 23.0 23
759 23.0 23
760 23.0 23
761 23.0 23
762 23.0 23
763 23.0 23
764 23.0 23
765 23.0 23
766 23.0 23
767 23.0 23
768 23.0 23
769 23.0 23
770 23.0 23
771 22.9 23
772 23.0 23
773 23.0 23
774 23.0 23
775 23.0 23
776 23.0 23
777 23.0 23
778 23.0 23
779 23.0 23
780 23.0 23
781 23.0 23
782 23.0 23
783 23.0 23
784 23.0 23
785 23.0 23
786 23.0 23
787 23.0 23
788 23.0 23
789 23.0 23
790 22.9 23
791 23.0 23
792 23.0 23
793 23.0 23
794 23.0 23
795 23.0 23
796 23.0 23
797 23.0 23
798 23.0 23
799 23.0 23
800 23.0 23
801 23.0 23
802 23.0 23
803 23.0 23
804 23.0 23
805 23.0 23
806 23.0 23
807 23.0 23
808 23.0 23
809 23.0 23
810 22.9 23
811 23.0 23
812 23.0 23
813 23.0 23
814 23.0 23
815 23.0 23
816 23.0 23
817 23.0 23
818 23.0 23
819 22.8 23
820 22.9 23
821 23.0 23
822 22.9 23
823 22.9 23
824 22.9 23
825 22.7 23
826 22.4 23
827 22.5 23
828 22.6 23
829 22.9 23
830 23.0 23
831 23.0 23
832 23.0 23
833 23.0 23
834 23.0 23
835 23.0 23
836 23.0 23
837 23.0 23
838 23.0 23
839 23.0 23
840 23.0 23
841 23.0 23
842 23.0 23
843 23.0 23
844 23.0 23
845 23.0 23
846 23.0 23
847 23.0 23
848 23.0 23
849 23.0 23
850 23.0 23
851 23.0 23
852 23.0 23
853 23.0 23
854 23.0 23
855 23.0 23
856 23.0 23
857 23.0 23
858 23.0 23
859 23.0 23
860 23.0 23
861 23.0 23
862 23.0 23
863 23.0 23
864 23.1 24
865 23.2 24
866 23.0 23
867 23.0 23
868 22.8 23
869 23.0 23
870 23.0 23
871 22.9 23
872 22.9 23
873 22.9 23
874 22.8 23
875 22.8 23
876 22.9 23
877 22.9 23
878 22.6 23
879 22.4 23
880 22.3 23
881 22.2 23
882 22.3 23
883 22.3 23
884 22.3 23
885 22.5 23
886 22.6 23
887 22.7 23
888 22.9 23
889 23.0 23
890 23.0 23
891 23.0 23
892 23.0 23
893 23.0 23
894 23.0 23
895 23.0 23
896 23.0 23
897 23.0 23
898 23.0 23
899 23.0 23
900 23.0 23
901 23.0 23
902 23.0 23
903 23.0 23
904 23.0 23
905 23.0 23
906 23.0 23
907 23.0 23
908 23.0 23
909 23.0 23
910 23.0 23
911 23.0 23
912 23.0 23
913 23.0 23
914 23.0 23
915 23.0 23
916 23.0 23
917 23.0 23
918 23.0 23
919 23.0 23
920 23.0 23
921 23.0 23
922 23.0 23
923 23.0 23
924 23.0 23
925 23.0 23
926 23.0 23
927 23.0 23
928 23.0 23
929 23.0 23
930 23.0 23
931 23.0 23
932 23.0 23
933 23.0 23
934 23.1 24
935 23.0 23
936 23.0 23
937 23.0 23
938 23.0 23
939 23.0 23
940 23.0 23
941 23.0 23
942 23.0 23
943 23.0 23
944 23.0 23
945 23.0 23
946 23.0 23
947 23.0 23
948 23.0 23
949 23.0 23
950 23.1 24
951 23.1 24
952 23.3 24
953 23.1 24
954 23.0 23
955 23.0 23
956 23.0 23
957 22.9 23
958 23.1 24
959 23.0 23
960 23.0 23
961 23.0 23
962 23.0 23
963 23.0 23
964 23.0 23
965 23.0 23
966 23.0 23
967 23.0 23
968 23.0 23
969 23.0 23
970 23.0 23
971 23.0 23
972 23.0 23
973 23.0 23
974 23.0 23
975 23.0 23
976 23.0 23
977 22.8 23
978 23.0 23
979 23.0 23
980 23.0 23
981 23.0 23
982 23.0 23
983 23.0 23
984 23.0 23
985 23.0 23
986 23.0 23
987 23.0 23
988 23.0 23
989 23.0 23
990 23.0 23
991 23.0 23
992 23.0 23
993 23.0 23
994 23.0 23
995 23.0 23
996 23.0 23
997 23.0 23
998 23.0 23
999 23.0 23
