0 21.578 27
1 21.706 26
2 21.646 26
3 21.604 26
4 21.563 26
5 21.643 26
6 21.662 26
7 21.691 26
8 21.774 26
9 21.738 26
10 21.669 27
11 21.678 27
12 21.722 26
13 21.745 26
14 21.791 26
15 21.809 26
16 21.827 26
17 21.862 26
18 21.817 26
19 21.805 28
20 21.79 26
21 21.776 26
22 21.801 26
23 21.792 26
24 21.742 26
25 21.818 26
26 21.881 26
27 21.76 26
28 21.808 26
29 21.889 26
30 21.829 26
31 21.802 26
32 21.894 26
33 21.848 27
34 21.924 27
35 21.973 27
36 21.923 27
37 21.881 27
38 21.922 26
39 21.925 26
40 21.947 26
41 21.939 26
42 22.015 27
43 21.939 26
44 21.961 26
45 21.968 26
46 22.0 26
47 22.035 27
48 22.059 27
49 22.183 27
50 22.13 26
51 22.124 27
52 22.066 26
53 22.125 26
54 22.043 26
55 22.011 26
56 22.045 26
57 22.093 27
58 22.102 26
59 22.115 27
60 22.106 27
61 22.15 26
62 22.211 26
63 22.224 26
64 22.215 26
65 22.166 26
66 22.235 26
67 22.235 26
68 22.237 26
69 22.244 26
70 22.256 27
71 22.325 27
72 22.319 26
73 22.317 27
74 22.274 26
75 22.327 26
76 22.45 27
77 22.458 26
78 22.513 26
79 22.447 26
80 22.499 27
81 22.475 27
82 22.48 26
83 22.493 26
84 22.453 27
85 22.54 27
86 22.486 26
87 22.502 27
88 22.478 26
89 22.492 27
90 22.534 27
91 22.603 26
92 22.708 27
93 22.658 26
94 22.659 27
95 22.672 26
96 22.651 26
97 22.572 26
98 22.684 27
99 22.753 26
100 22.784 26
101 22.784 26
102 22.75 26
103 22.811 26
104 22.808 27
105 22.873 26
106 22.973 27
107 22.971 26
108 22.882 27
109 22.861 27
110 22.835 27
111 22.905 27
112 22.915 27
113 22.98 26
114 23.028 27
115 23.167 27
116 23.267 26
117 23.336 27
118 23.336 27
119 23.352 26
120 23.335 26
121 23.376 26
122 23.428 27
123 23.445 27
124 23.611 27
125 23.67 27
126 23.691 26
127 23.681 27
128 23.784 27
129 23.789 26
130 23.727 27
131 23.775 27
132 23.843 27
133 23.968 27
134 23.976 27
135 23.944 27
136 24.02 27
137 24.037 27
138 24.004 27
139 24.065 27
140 24.087 27
141 24.172 27
142 24.202 27
143 24.241 27
144 24.279 27
145 24.297 27
146 24.396 27
147 24.466 28
148 24.528 27
149 24.594 27
150 24.668 27
151 24.657 27
152 24.653 27
153 24.675 27
154 24.679 27
155 24.751 27
156 24.776 27
157 24.856 27
158 24.865 27
159 24.954 27
160 25.003 27
161 25.021 27
162 25.039 27
163 25.047 27
164 25.103 27
165 25.191 27
166 25.175 27
167 25.208 27
168 25.258 27
169 25.305 27
170 25.351 27
171 25.311 27
172 25.273 27
173 25.304 27
174 25.336 27
175 25.348 27
176 25.399 27
177 25.43 27
178 25.458 27
179 25.488 27
180 25.435 27
181 25.453 27
182 25.479 27
183 25.488 27
184 25.556 27
185 25.58 27
186 25.595 27
187 25.639 27
188 25.678 27
189 25.692 27
190 25.742 27
191 25.733 27
192 25.733 27
193 25.707 27
194 25.727 27
195 25.788 27
196 25.803 27
197 25.831 27
198 25.843 27
199 25.859 27
200 25.872 27
201 25.924 27
202 25.977 27
203 25.993 27
204 26.007 27
205 25.978 27
206 25.982 27
207 25.931 27
208 25.997 27
209 25.98 27
210 25.998 27
211 25.995 27
212 26.002 27
213 26.03 27
214 26.095 27
215 26.117 27
216 26.127 27
217 26.125 27
218 26.124 27
219 26.148 27
220 26.155 27
221 26.156 27
222 26.167 27
223 26.16 27
224 26.157 27
225 26.158 27
226 26.163 27
227 26.168 27
228 26.172 27
229 26.193 27
230 26.199 27
231 26.189 27
232 26.21 27
233 26.171 27
234 26.161 27
235 26.196 27
236 26.217 27
237 26.277 27
238 26.271 27
239 26.287 27
240 26.304 27
241 26.309 27
242 26.349 27
243 26.369 27
244 26.351 27
245 26.378 27
246 26.377 27
247 26.36 27
248 26.393 27
249 26.411 27
250 26.412 27
251 26.404 27
252 26.451 27
253 26.462 27
254 26.465 27
255 26.505 27
256 26.51 27
257 26.55 27
258 26.551 27
259 26.573 27
260 26.524 27
261 26.488 27
262 26.528 27
263 26.539 27
264 26.536 27
265 26.53 27
266 26.526 27
267 26.566 27
268 26.553 27
269 26.603 27
270 26.608 27
271 26.621 27
272 26.628 27
273 26.612 27
274 26.614 27
275 26.601 27
276 26.636 27
277 26.641 27
278 26.597 27
279 26.621 27
280 26.663 27
281 26.669 27
282 26.679 27
283 26.716 27
284 26.676 27
285 26.695 27
286 26.699 27
287 26.683 27
288 26.698 27
289 26.701 27
290 26.677 27
291 26.653 27
292 26.644 27
293 26.66 27
294 26.649 27
295 26.626 27
296 26.612 27
297 26.584 27
298 26.601 27
299 26.616 27
300 26.617 27
301 26.591 27
302 26.618 27
303 26.662 27
304 26.709 27
305 26.729 27
306 26.746 27
307 26.72 27
308 26.712 27
309 26.697 27
310 26.68 27
311 26.663 27
312 26.617 27
313 26.661 27
314 26.674 27
315 26.705 27
316 26.729 27
317 26.735 27
318 26.698 27
319 26.693 27
320 26.703 27
321 26.691 27
322 26.672 27
323 26.642 27
324 26.63 27
325 26.637 27
326 26.633 27
327 26.628 27
328 26.683 27
329 26.698 27
330 26.686 27
331 26.677 27
332 26.69 27
333 26.704 27
334 26.733 27
335 26.71 27
336 26.741 27
337 26.772 27
338 26.78 27
339 26.781 27
340 26.796 27
341 26.783 27
342 26.807 27
343 26.778 27
344 26.767 27
345 26.761 27
346 26.784 27
347 26.766 27
348 26.768 27
349 26.745 27
350 26.754 27
351 26.765 27
352 26.774 27
353 26.775 27
354 26.774 27
355 26.779 27
356 26.8 27
357 26.775 27
358 26.795 27
359 26.811 27
360 26.841 27
361 26.831 27
362 26.826 27
363 26.835 27
364 26.827 27
365 26.833 27
366 26.835 27
367 26.856 27
368 26.862 27
369 26.849 27
370 26.837 27
371 26.839 27
372 26.852 27
373 26.88 27
374 26.864 27
375 26.869 27
376 26.857 27
377 26.848 27
378 26.839 27
379 26.826 27
380 26.809 27
381 26.807 27
382 26.783 27
383 26.837 27
384 26.819 27
385 26.82 27
386 26.82 27
387 26.832 27
388 26.842 27
389 26.829 27
390 26.823 27
391 26.804 27
392 26.813 27
393 26.825 27
394 26.832 27
395 26.837 27
396 26.813 27
397 26.802 27
398 26.813 27
399 26.808 27
400 26.805 27
401 26.818 27
402 26.843 27
403 26.861 27
404 26.865 27
405 26.85 27
406 26.872 27
407 26.883 27
408 26.866 27
409 26.874 27
410 26.85 27
411 26.844 27
412 26.85 27
413 26.842 27
414 26.84 27
415 26.82 27
416 26.847 27
417 26.839 27
418 26.837 27
419 26.839 27
420 26.827 27
421 26.824 27
422 26.802 27
423 26.773 27
424 26.779 27
425 26.804 27
426 26.79 27
427 26.819 27
428 26.829 27
429 26.814 27
430 26.848 27
431 26.833 27
432 26.83 27
433 26.836 27
434 26.806 27
435 26.796 27
436 26.732 27
437 26.697 27
438 26.708 27
439 26.753 27
440 26.76 27
441 26.761 27
442 26.767 27
443 26.746 27
444 26.731 27
445 26.704 27
446 26.709 27
447 26.741 27
448 26.748 27
449 26.759 27
450 26.772 27
451 26.773 27
452 26.797 27
453 26.797 27
454 26.803 27
455 26.809 27
456 26.797 27
457 26.797 27
458 26.765 27
459 26.748 27
460 26.771 27
461 26.774 27
462 26.783 27
463 26.792 27
464 26.787 27
465 26.773 27
466 26.749 27
467 26.721 27
468 26.747 27
469 26.744 27
470 26.744 27
471 26.75 27
472 26.749 27
473 26.725 27
474 26.697 27
475 26.701 27
476 26.697 27
477 26.66 27
478 26.711 27
479 26.725 27
480 26.714 27
481 26.755 27
482 26.734 27
483 26.752 27
484 26.739 27
485 26.742 27
486 26.744 27
487 26.733 27
488 26.754 27
489 26.74 27
490 26.713 27
491 26.727 27
492 26.754 27
493 26.744 27
494 26.73 27
495 26.74 27
496 26.699 27
497 26.695 27
498 26.669 27
499 26.697 27
500 26.712 27
501 26.712 27
502 26.708 27
503 26.725 27
504 26.727 27
505 26.743 27
506 26.748 27
507 26.729 27
508 26.742 27
509 26.714 27
510 26.696 27
511 26.701 27
512 26.684 27
513 26.7 27
514 26.727 27
515 26.727 27
516 26.721 27
517 26.697 27
518 26.684 27
519 26.725 27
520 26.751 27
521 26.765 27
522 26.758 27
523 26.738 27
524 26.738 27
525 26.754 27
526 26.735 27
527 26.74 27
528 26.757 27
529 26.766 27
530 26.785 27
531 26.775 27
532 26.79 27
533 26.779 27
534 26.787 27
535 26.775 27
536 26.787 27
537 26.803 27
538 26.831 27
539 26.842 27
540 26.863 27
541 26.837 27
542 26.842 27
543 26.843 27
544 26.842 27
545 26.844 27
546 26.833 27
547 26.831 27
548 26.821 27
549 26.819 27
550 26.848 27
551 26.837 27
552 26.823 27
553 26.833 27
554 26.812 27
555 26.81 27
556 26.826 27
557 26.824 27
558 26.833 27
559 26.857 27
560 26.886 27
561 26.892 27
562 26.897 27
563 26.888 27
564 26.89 27
565 26.884 27
566 26.847 27
567 26.827 27
568 26.845 27
569 26.813 27
570 26.82 27
571 26.824 27
572 26.821 27
573 26.826 27
574 26.828 27
575 26.802 27
576 26.779 27
577 26.761 27
578 26.784 27
579 26.771 27
580 26.798 27
581 26.799 27
582 26.766 27
583 26.749 27
584 26.74 27
585 26.76 27
586 26.761 27
587 26.783 27
588 26.817 27
589 26.804 27
590 26.792 27
591 26.795 27
592 26.778 27
593 26.774 27
594 26.752 27
595 26.752 27
596 26.777 27
597 26.756 27
598 26.768 27
599 26.713 27
600 26.712 27
601 26.739 27
602 26.76 27
603 26.78 27
604 26.756 27
605 26.724 27
606 26.728 27
607 26.709 27
608 26.724 27
609 26.754 27
610 26.772 27
611 26.785 27
612 26.778 27
613 26.798 27
614 26.808 27
615 26.814 27
616 26.809 27
617 26.786 27
618 26.769 27
619 26.753 27
620 26.763 27
621 26.759 27
622 26.764 27
623 26.767 27
624 26.801 27
625 26.785 27
626 26.802 27
627 26.79 27
628 26.799 27
629 26.785 27
630 26.804 27
631 26.797 27
632 26.813 27
633 26.808 27
634 26.812 27
635 26.772 27
636 26.796 27
637 26.79 27
638 26.794 27
639 26.802 27
640 26.782 27
641 26.799 27
642 26.812 27
643 26.848 27
644 26.854 27
645 26.856 27
646 26.854 27
647 26.829 27
648 26.801 27
649 26.796 27
650 26.783 27
651 26.781 27
652 26.78 27
653 26.758 27
654 26.779 27
655 26.797 27
656 26.783 27
657 26.759 27
658 26.764 27
659 26.787 27
660 26.781 27
661 26.781 27
662 26.825 27
663 26.778 27
664 26.784 27
665 26.747 27
666 26.745 27
667 26.746 27
668 26.737 27
669 26.737 27
670 26.727 27
671 26.762 27
672 26.77 27
673 26.791 27
674 26.8 27
675 26.79 27
676 26.81 27
677 26.816 27
678 26.8 27
679 26.789 27
680 26.789 27
681 26.796 27
682 26.822 27
683 26.789 27
684 26.796 27
685 26.781 27
686 26.757 27
687 26.763 27
688 26.793 27
689 26.796 27
690 26.813 27
691 26.832 27
692 26.837 27
693 26.856 27
694 26.872 27
695 26.862 27
696 26.87 27
697 26.899 27
698 26.877 27
699 26.866 27
700 26.871 27
701 26.871 27
702 26.858 27
703 26.88 27
704 26.886 27
705 26.9 27
706 26.88 27
707 26.892 27
708 26.866 27
709 26.853 27
710 26.863 27
711 26.857 27
712 26.891 27
713 26.869 27
714 26.867 27
715 26.874 27
716 26.869 27
717 26.847 27
718 26.893 27
719 26.907 27
720 26.896 27
721 26.892 27
722 26.898 27
723 26.871 27
724 26.855 27
725 26.837 27
726 26.844 27
727 26.848 27
728 26.83 27
729 26.813 27
730 26.807 27
731 26.8 27
732 26.802 27
733 26.801 27
734 26.817 27
735 26.816 27
736 26.797 27
737 26.771 27
738 26.79 27
739 26.813 27
740 26.783 27
741 26.785 27
742 26.782 27
743 26.763 27
744 26.74 27
745 26.723 27
746 26.738 27
747 26.735 27
748 26.739 27
749 26.712 27
750 26.722 27
751 26.719 27
752 26.733 27
753 26.742 27
754 26.738 27
755 26.741 27
756 26.775 27
757 26.771 27
758 26.768 27
759 26.739 27
760 26.732 27
761 26.711 27
762 26.71 27
763 26.7 27
764 26.709 27
765 26.716 27
766 26.738 27
767 26.763 27
768 26.772 27
769 26.799 27
770 26.835 27
771 26.84 27
772 26.838 27
773 26.853 27
774 26.867 27
775 26.862 27
776 26.862 27
777 26.87 27
778 26.882 27
779 26.876 27
780 26.876 27
781 26.86 27
782 26.862 27
783 26.881 27
784 26.88 27
785 26.862 27
786 26.893 27
787 26.875 27
788 26.871 27
789 26.875 27
790 26.884 27
791 26.885 27
792 26.896 27
793 26.874 27
794 26.845 27
795 26.827 27
796 26.808 27
797 26.775 27
798 26.782 27
799 26.76 27
800 26.76 27
801 26.777 27
802 26.767 27
803 26.771 27
804 26.76 27
805 26.761 27
806 26.774 27
807 26.779 27
808 26.764 27
809 26.759 27
810 26.771 27
811 26.735 27
812 26.73 27
813 26.721 27
814 26.73 27
815 26.713 27
816 26.718 27
817 26.679 27
818 26.721 27
819 26.722 27
820 26.757 27
821 26.717 27
822 26.755 27
823 26.8 27
824 26.797 27
825 26.79 27
826 26.811 27
827 26.789 27
828 26.772 27
829 26.765 27
830 26.804 27
831 26.792 27
832 26.815 27
833 26.846 27
834 26.824 27
835 26.836 27
836 26.838 27
837 26.8 27
838 26.821 27
839 26.842 27
840 26.807 27
841 26.785 27
842 26.8 27
843 26.826 27
844 26.843 27
845 26.85 27
846 26.813 27
847 26.785 27
848 26.769 27
849 26.761 27
850 26.746 27
851 26.749 27
852 26.775 27
853 26.77 27
854 26.786 27
855 26.81 27
856 26.802 27
857 26.801 27
858 26.791 27
859 26.805 27
860 26.842 27
861 26.862 27
862 26.836 27
863 26.862 27
864 26.866 27
865 26.856 27
866 26.871 27
867 26.879 27
868 26.891 27
869 26.876 27
870 26.882 27
871 26.849 27
872 26.853 27
873 26.848 27
874 26.84 27
875 26.842 27
876 26.857 27
877 26.819 27
878 26.796 27
879 26.8 27
880 26.795 27
881 26.783 27
882 26.772 27
883 26.715 27
884 26.7 27
885 26.703 27
886 26.716 27
887 26.75 27
888 26.75 27
889 26.754 27
890 26.753 27
891 26.754 27
892 26.739 27
893 26.753 27
894 26.736 27
895 26.727 27
896 26.741 27
897 26.745 27
898 26.739 27
899 26.73 27
900 26.678 27
901 26.678 27
902 26.632 27
903 26.632 27
904 26.678 27
905 26.704 27
906 26.727 27
907 26.719 27
908 26.725 27
909 26.751 27
910 26.732 27
911 26.731 27
912 26.735 27
913 26.727 27
914 26.738 27
915 26.745 27
916 26.746 27
917 26.731 27
918 26.747 27
919 26.769 27
920 26.768 27
921 26.769 27
922 26.764 27
923 26.757 27
924 26.753 27
925 26.777 27
926 26.795 27
927 26.791 27
928 26.771 27
929 26.799 27
930 26.756 27
931 26.753 27
932 26.738 27
933 26.735 27
934 26.723 27
935 26.696 27
936 26.698 27
937 26.683 27
938 26.691 27
939 26.721 27
940 26.725 27
941 26.719 27
942 26.725 27
943 26.714 27
944 26.717 27
945 26.733 27
946 26.73 27
947 26.721 27
948 26.722 27
949 26.708 27
950 26.71 27
951 26.714 27
952 26.705 27
953 26.72 27
954 26.716 27
955 26.763 27
956 26.775 27
957 26.805 27
958 26.807 27
959 26.792 27
960 26.802 27
961 26.74 27
962 26.732 27
963 26.738 27
964 26.721 27
965 26.697 27
966 26.675 27
967 26.687 27
968 26.695 27
969 26.698 27
970 26.702 27
971 26.704 27
972 26.704 27
973 26.692 27
974 26.702 27
975 26.704 27
976 26.704 27
977 26.712 27
978 26.721 27
979 26.734 27
980 26.734 27
981 26.754 27
982 26.777 27
983 26.811 27
984 26.813 27
985 26.813 27
986 26.836 27
987 26.847 27
988 26.832 27
989 26.855 27
990 26.828 27
991 26.819 27
992 26.831 27
993 26.819 27
994 26.831 27
995 26.796 27
996 26.795 27
997 26.815 27
998 26.805 27
999 26.764 27
