0 21.593 27
1 21.638 27
2 21.734 27
3 21.643 27
4 21.727 26
5 21.69 26
6 21.699 26
7 21.755 26
8 21.78 27
9 21.864 27
10 21.896 27
11 21.9 26
12 21.819 26
13 21.874 26
14 21.939 26
15 22.013 27
16 22.007 26
17 21.987 27
18 21.948 26
19 22.016 26
20 21.987 26
21 22.053 26
22 22.09 26
23 21.994 27
24 22.05 27
25 22.043 28
26 22.054 28
27 22.079 26
28 22.027 27
29 22.002 27
30 22.004 27
31 21.958 26
32 21.925 26
33 21.989 26
34 21.943 26
35 21.966 26
36 21.949 27
37 22.013 26
38 22.053 26
39 22.079 27
40 22.02 26
41 21.982 26
42 21.991 26
43 22.095 26
44 22.086 26
45 22.154 26
46 22.052 26
47 22.125 26
48 22.112 26
49 22.01 27
50 22.094 26
51 22.121 26
52 22.221 26
53 22.209 26
54 22.192 26
55 22.226 27
56 22.19 27
57 22.215 27
58 22.182 26
59 22.276 26
60 22.215 26
61 22.271 26
62 22.257 27
63 22.267 27
64 22.31 27
65 22.274 26
66 22.282 26
67 22.38 26
68 22.392 27
69 22.412 26
70 22.325 26
71 22.346 26
72 22.318 26
73 22.385 26
74 22.372 26
75 22.371 26
76 22.416 27
77 22.4 26
78 22.341 26
79 22.492 27
80 22.543 26
81 22.545 26
82 22.553 26
83 22.596 27
84 22.626 27
85 22.706 27
86 22.697 27
87 22.649 27
88 22.69 27
89 22.732 27
90 22.697 26
91 22.762 27
92 22.753 26
93 22.781 26
94 22.872 27
95 22.843 27
96 22.889 27
97 22.976 26
98 22.956 26
99 22.931 27
100 22.984 26
101 22.997 26
102 23.009 27
103 23.004 26
104 22.975 26
105 22.992 27
106 22.94 27
107 23.069 27
108 23.049 26
109 23.111 27
110 23.131 27
111 23.152 27
112 23.196 27
113 23.176 27
114 23.093 26
115 23.107 26
116 23.146 26
117 23.247 27
118 23.308 26
119 23.328 27
120 23.298 27
121 23.287 27
122 23.247 27
123 23.336 27
124 23.367 27
125 23.407 27
126 23.443 27
127 23.473 27
128 23.488 27
129 23.557 27
130 23.57 26
131 23.582 27
132 23.542 26
133 23.545 27
134 23.608 27
135 23.545 27
136 23.57 27
137 23.631 27
138 23.673 27
139 23.706 27
140 23.664 27
141 23.681 27
142 23.718 27
143 23.729 27
144 23.721 27
145 23.768 26
146 23.801 27
147 23.759 27
148 23.794 27
149 23.811 27
150 23.754 27
151 23.771 27
152 23.821 26
153 23.851 26
154 23.866 26
155 23.882 26
156 23.931 26
157 23.941 26
158 23.937 26
159 23.918 27
160 24.024 27
161 23.976 26
162 23.982 26
163 23.983 26
164 23.984 26
165 23.958 27
166 23.949 27
167 23.962 27
168 23.912 27
169 24.048 26
170 24.049 26
171 24.03 27
172 24.089 27
173 24.123 26
174 24.185 27
175 24.16 27
176 24.18 27
177 24.185 27
178 24.152 27
179 24.089 26
180 24.137 26
181 24.189 26
182 24.171 26
183 24.206 26
184 24.271 27
185 24.25 27
186 24.317 27
187 24.339 27
188 24.37 27
189 24.356 26
190 24.419 26
191 24.465 26
192 24.425 26
193 24.409 27
194 24.433 27
195 24.448 27
196 24.495 27
197 24.479 27
198 24.452 26
199 24.487 27
200 24.477 27
201 24.517 27
202 24.55 26
203 24.525 27
204 24.543 26
205 24.577 26
206 24.627 26
207 24.677 26
208 24.754 26
209 24.76 26
210 24.729 26
211 24.796 26
212 24.787 26
213 24.808 27
214 24.793 27
215 24.816 27
216 24.815 27
217 24.799 26
218 24.782 27
219 24.785 27
220 24.767 27
221 24.745 26
222 24.723 26
223 24.737 26
224 24.786 26
225 24.705 26
226 24.736 26
227 24.783 26
228 24.781 26
229 24.739 26
230 24.731 26
231 24.795 26
232 24.833 26
233 24.849 26
234 24.897 26
235 24.963 26
236 24.991 27
237 25.029 26
238 25.023 26
239 25.043 26
240 25.103 26
241 25.107 26
242 25.084 27
243 25.108 27
244 25.137 27
245 25.132 27
246 25.154 27
247 25.146 26
248 25.196 27
249 25.227 26
250 25.249 27
251 25.275 27
252 25.344 27
253 25.32 27
254 25.316 27
255 25.319 27
256 25.304 27
257 25.335 27
258 25.388 27
259 25.408 27
260 25.424 26
261 25.414 27
262 25.41 27
263 25.445 26
264 25.472 27
265 25.49 27
266 25.486 27
267 25.477 27
268 25.527 27
269 25.524 27
270 25.542 27
271 25.535 26
272 25.569 27
273 25.557 27
274 25.558 27
275 25.538 27
276 25.542 26
277 25.552 26
278 25.572 26
279 25.565 27
280 25.56 27
281 25.583 27
282 25.579 27
283 25.566 27
284 25.546 27
285 25.588 26
286 25.617 27
287 25.586 27
288 25.609 27
289 25.63 27
290 25.668 27
291 25.657 27
292 25.641 27
293 25.632 27
294 25.624 27
295 25.648 27
296 25.622 27
297 25.608 27
298 25.634 27
299 25.625 27
300 25.64 27
301 25.646 27
302 25.669 27
303 25.652 27
304 25.665 27
305 25.679 27
306 25.674 27
307 25.646 27
308 25.633 27
309 25.627 27
310 25.598 27
311 25.64 27
312 25.615 27
313 25.592 27
314 25.615 27
315 25.623 27
316 25.644 27
317 25.618 27
318 25.647 27
319 25.636 27
320 25.644 27
321 25.66 27
322 25.66 27
323 25.651 27
324 25.64 27
325 25.651 27
326 25.622 27
327 25.614 27
328 25.629 27
329 25.629 27
330 25.63 27
331 25.61 27
332 25.622 27
333 25.617 27
334 25.635 27
335 25.623 27
336 25.645 27
337 25.622 27
338 25.613 27
339 25.638 27
340 25.659 27
341 25.667 27
342 25.676 27
343 25.679 27
344 25.7 27
345 25.711 27
346 25.72 27
347 25.728 27
348 25.752 27
349 25.736 27
350 25.756 27
351 25.754 27
352 25.77 27
353 25.78 27
354 25.772 27
355 25.73 27
356 25.756 27
357 25.775 27
358 25.766 27
359 25.768 27
360 25.794 27
361 25.783 27
362 25.758 27
363 25.746 27
364 25.777 27
365 25.774 27
366 25.775 27
367 25.779 27
368 25.763 27
369 25.757 27
370 25.797 27
371 25.782 27
372 25.76 27
373 25.748 27
374 25.747 27
375 25.759 27
376 25.736 27
377 25.736 27
378 25.724 27
379 25.723 27
380 25.675 27
381 25.736 27
382 25.766 27
383 25.799 27
384 25.804 27
385 25.825 27
386 25.805 27
387 25.82 27
388 25.792 27
389 25.794 27
390 25.755 27
391 25.783 27
392 25.821 27
393 25.803 27
394 25.82 27
395 25.803 27
396 25.798 27
397 25.809 27
398 25.802 27
399 25.767 27
400 25.726 27
401 25.703 27
402 25.709 27
403 25.684 27
404 25.707 27
405 25.732 27
406 25.733 27
407 25.725 27
408 25.704 27
409 25.695 27
410 25.697 27
411 25.72 27
412 25.694 27
413 25.743 27
414 25.719 27
415 25.679 27
416 25.705 27
417 25.704 27
418 25.692 27
419 25.707 27
420 25.711 27
421 25.7 27
422 25.697 27
423 25.692 27
424 25.736 27
425 25.747 27
426 25.788 27
427 25.798 27
428 25.79 27
429 25.784 27
430 25.8 27
431 25.816 27
432 25.844 27
433 25.814 27
434 25.791 27
435 25.773 27
436 25.772 27
437 25.744 27
438 25.763 27
439 25.771 27
440 25.793 27
441 25.796 27
442 25.78 27
443 25.748 27
444 25.712 27
445 25.738 27
446 25.763 27
447 25.796 27
448 25.758 27
449 25.771 27
450 25.76 27
451 25.773 27
452 25.775 27
453 25.813 27
454 25.797 27
455 25.766 27
456 25.775 27
457 25.785 27
458 25.796 27
459 25.798 27
460 25.842 27
461 25.835 27
462 25.829 27
463 25.849 27
464 25.839 27
465 25.815 27
466 25.833 27
467 25.858 27
468 25.868 27
469 25.871 27
470 25.862 27
471 25.877 27
472 25.877 27
473 25.844 27
474 25.847 27
475 25.854 27
476 25.821 27
477 25.796 27
478 25.81 27
479 25.805 27
480 25.782 27
481 25.824 27
482 25.802 27
483 25.775 27
484 25.798 27
485 25.8 27
486 25.829 27
487 25.812 27
488 25.814 27
489 25.843 27
490 25.854 27
491 25.858 27
492 25.828 27
493 25.838 27
494 25.852 27
495 25.84 27
496 25.836 27
497 25.861 27
498 25.877 27
499 25.887 27
500 25.944 27
501 25.919 27
502 25.946 27
503 25.93 27
504 25.935 27
505 25.959 27
506 25.959 27
507 25.935 27
508 25.929 27
509 25.926 27
510 25.948 27
511 25.933 27
512 25.958 27
513 25.951 27
514 25.968 27
515 25.97 27
516 25.982 27
517 25.963 27
518 25.991 27
519 25.987 27
520 25.985 27
521 26.015 27
522 26.029 27
523 26.024 27
524 26.029 27
525 26.013 27
526 26.037 27
527 26.056 27
528 26.037 27
529 26.068 27
530 26.114 27
531 26.125 27
532 26.112 27
533 26.107 27
534 26.101 27
535 26.118 27
536 26.136 27
537 26.135 27
538 26.124 27
539 26.1 27
540 26.103 27
541 26.074 27
542 26.081 27
543 26.112 27
544 26.094 27
545 26.07 27
546 26.083 27
547 26.079 27
548 26.086 27
549 26.078 27
550 26.078 27
551 26.067 27
552 26.071 27
553 26.126 27
554 26.113 27
555 26.13 27
556 26.152 27
557 26.126 27
558 26.137 27
559 26.148 27
560 26.168 27
561 26.165 27
562 26.207 27
563 26.166 27
564 26.198 27
565 26.182 27
566 26.21 27
567 26.215 27
568 26.277 27
569 26.286 27
570 26.31 27
571 26.325 27
572 26.342 27
573 26.346 27
574 26.361 27
575 26.326 27
576 26.383 27
577 26.409 27
578 26.431 27
579 26.456 27
580 26.504 27
581 26.459 27
582 26.437 27
583 26.452 27
584 26.453 27
585 26.481 27
586 26.457 27
587 26.462 27
588 26.458 27
589 26.491 27
590 26.465 27
591 26.513 27
592 26.506 27
593 26.556 27
594 26.565 27
595 26.573 27
596 26.584 27
597 26.592 27
598 26.61 27
599 26.597 27
600 26.619 27
601 26.621 27
602 26.578 27
603 26.648 27
604 26.641 27
605 26.647 27
606 26.611 27
607 26.586 27
608 26.588 27
609 26.585 27
610 26.594 27
611 26.582 27
612 26.6 27
613 26.602 27
614 26.601 27
615 26.632 27
616 26.61 27
617 26.569 27
618 26.585 27
619 26.589 27
620 26.607 27
621 26.594 27
622 26.565 27
623 26.602 27
624 26.599 27
625 26.577 27
626 26.585 27
627 26.556 27
628 26.578 27
629 26.564 27
630 26.556 27
631 26.595 27
632 26.637 27
633 26.634 27
634 26.686 27
635 26.707 27
636 26.699 27
637 26.643 27
638 26.628 27
639 26.651 27
640 26.652 27
641 26.674 27
642 26.714 27
643 26.68 27
644 26.737 27
645 26.703 27
646 26.698 27
647 26.748 27
648 26.748 27
649 26.789 27
650 26.797 27
651 26.801 27
652 26.783 27
653 26.778 27
654 26.759 27
655 26.765 27
656 26.796 27
657 26.806 27
658 26.795 27
659 26.789 27
660 26.788 27
661 26.79 27
662 26.766 27
663 26.759 27
664 26.75 27
665 26.754 27
666 26.766 27
667 26.751 27
668 26.737 27
669 26.738 27
670 26.754 27
671 26.756 27
672 26.736 27
673 26.798 27
674 26.812 27
675 26.796 27
676 26.792 27
677 26.811 27
678 26.809 27
679 26.787 27
680 26.755 27
681 26.765 27
682 26.746 27
683 26.736 27
684 26.777 27
685 26.767 27
686 26.744 27
687 26.745 27
688 26.732 27
689 26.725 27
690 26.728 27
691 26.702 27
692 26.707 27
693 26.701 27
694 26.732 27
695 26.699 27
696 26.727 27
697 26.719 27
698 26.705 27
699 26.75 27
700 26.76 27
701 26.776 27
702 26.779 27
703 26.779 27
704 26.759 27
705 26.732 27
706 26.729 27
707 26.727 27
708 26.728 27
709 26.708 27
710 26.761 27
711 26.772 27
712 26.773 27
713 26.772 27
714 26.769 27
715 26.76 27
716 26.767 27
717 26.75 27
718 26.763 27
719 26.782 27
720 26.761 27
721 26.76 27
722 26.785 27
723 26.745 27
724 26.748 27
725 26.794 27
726 26.781 27
727 26.786 27
728 26.814 27
729 26.812 27
730 26.8 27
731 26.816 27
732 26.805 27
733 26.832 27
734 26.8 27
735 26.769 27
736 26.772 27
737 26.781 27
738 26.76 27
739 26.765 27
740 26.779 27
741 26.82 27
742 26.807 27
743 26.786 27
744 26.768 27
745 26.8 27
746 26.821 27
747 26.804 27
748 26.818 27
749 26.82 27
750 26.822 27
751 26.806 27
752 26.771 27
753 26.806 27
754 26.78 27
755 26.795 27
756 26.788 27
757 26.803 27
758 26.806 27
759 26.809 27
760 26.805 27
761 26.824 27
762 26.828 27
763 26.825 27
764 26.805 27
765 26.782 27
766 26.791 27
767 26.774 27
768 26.784 27
769 26.799 27
770 26.808 27
771 26.807 27
772 26.796 27
773 26.779 27
774 26.806 27
775 26.783 27
776 26.8 27
777 26.8 27
778 26.816 27
779 26.815 27
780 26.805 27
781 26.802 27
782 26.788 27
783 26.796 27
784 26.774 27
785 26.79 27
786 26.802 27
787 26.802 27
788 26.822 27
789 26.836 27
790 26.804 27
791 26.771 27
792 26.772 27
793 26.739 27
794 26.722 27
795 26.723 27
796 26.709 27
797 26.674 27
798 26.658 27
799 26.683 27
800 26.698 27
801 26.686 27
802 26.708 27
803 26.739 27
804 26.748 27
805 26.758 27
806 26.756 27
807 26.754 27
808 26.755 27
809 26.766 27
810 26.76 27
811 26.789 27
812 26.788 27
813 26.806 27
814 26.764 27
815 26.783 27
816 26.786 27
817 26.767 27
818 26.787 27
819 26.779 27
820 26.759 27
821 26.785 27
822 26.76 27
823 26.739 27
824 26.759 27
825 26.803 27
826 26.798 27
827 26.785 27
828 26.799 27
829 26.792 27
830 26.754 27
831 26.755 27
832 26.755 27
833 26.799 27
834 26.804 27
835 26.821 27
836 26.816 27
837 26.819 27
838 26.82 27
839 26.789 27
840 26.819 27
841 26.765 27
842 26.777 27
843 26.775 27
844 26.791 27
845 26.811 27
846 26.825 27
847 26.826 27
848 26.795 27
849 26.845 27
850 26.869 27
851 26.841 27
852 26.852 27
853 26.815 27
854 26.795 27
855 26.814 27
856 26.802 27
857 26.751 27
858 26.764 27
859 26.791 27
860 26.793 27
861 26.767 27
862 26.776 27
863 26.762 27
864 26.764 27
865 26.756 27
866 26.754 27
867 26.707 27
868 26.714 27
869 26.735 27
870 26.725 27
871 26.761 27
872 26.787 27
873 26.798 27
874 26.798 27
875 26.782 27
876 26.816 27
877 26.831 27
878 26.82 27
879 26.803 27
880 26.774 27
881 26.814 27
882 26.836 27
883 26.822 27
884 26.815 27
885 26.815 27
886 26.802 27
887 26.794 27
888 26.788 27
889 26.825 27
890 26.794 27
891 26.787 27
892 26.803 27
893 26.776 27
894 26.799 27
895 26.804 27
896 26.816 27
897 26.793 27
898 26.765 27
899 26.763 27
900 26.75 27
901 26.77 27
902 26.759 27
903 26.764 27
904 26.738 27
905 26.762 27
906 26.779 27
907 26.773 27
908 26.782 27
909 26.772 27
910 26.787 27
911 26.743 27
912 26.777 27
913 26.738 27
914 26.739 27
915 26.772 27
916 26.763 27
917 26.77 27
918 26.794 27
919 26.802 27
920 26.781 27
921 26.771 27
922 26.773 27
923 26.785 27
924 26.73 27
925 26.747 27
926 26.733 27
927 26.728 27
928 26.743 27
929 26.766 27
930 26.757 27
931 26.768 27
932 26.8 27
933 26.801 27
934 26.811 27
935 26.767 27
936 26.786 27
937 26.8 27
938 26.761 27
939 26.785 27
940 26.783 27
941 26.769 27
942 26.814 27
943 26.791 27
944 26.803 27
945 26.815 27
946 26.808 27
947 26.818 27
948 26.842 27
949 26.854 27
950 26.84 27
951 26.855 27
952 26.842 27
953 26.834 27
954 26.843 27
955 26.832 27
956 26.853 27
957 26.849 27
958 26.872 27
959 26.848 27
960 26.849 27
961 26.81 27
962 26.827 27
963 26.827 27
964 26.856 27
965 26.871 27
966 26.882 27
967 26.873 27
968 26.85 27
969 26.851 27
970 26.832 27
971 26.831 27
972 26.806 27
973 26.822 27
974 26.824 27
975 26.82 27
976 26.82 27
977 26.832 27
978 26.845 27
979 26.847 27
980 26.846 27
981 26.862 27
982 26.834 27
983 26.814 27
984 26.821 27
985 26.8 27
986 26.798 27
987 26.784 27
988 26.786 27
989 26.817 27
990 26.805 27
991 26.819 27
992 26.824 27
993 26.81 27
994 26.792 27
995 26.763 27
996 26.748 27
997 26.715 27
998 26.701 27
999 26.716 27
1000 26.755 27
1001 26.738 27
1002 26.722 27
1003 26.742 27
1004 26.718 27
1005 26.762 27
1006 26.771 27
1007 26.783 27
1008 26.812 27
1009 26.808 27
1010 26.851 27
1011 26.881 27
1012 26.88 27
1013 26.872 27
1014 26.871 27
1015 26.842 27
1016 26.851 27
1017 26.832 27
1018 26.856 27
1019 26.829 27
1020 26.821 27
1021 26.812 27
1022 26.814 27
1023 26.825 27
1024 26.811 27
1025 26.855 27
1026 26.861 27
1027 26.838 27
1028 26.814 27
1029 26.795 27
1030 26.807 27
1031 26.782 27
1032 26.76 27
1033 26.743 27
1034 26.745 27
1035 26.752 27
1036 26.778 27
1037 26.797 27
1038 26.796 27
1039 26.827 27
1040 26.81 27
1041 26.798 27
1042 26.82 27
1043 26.788 27
1044 26.791 27
1045 26.804 27
1046 26.824 27
1047 26.809 27
1048 26.817 27
1049 26.78 27
1050 26.826 27
1051 26.833 27
1052 26.821 27
1053 26.823 27
1054 26.8 27
1055 26.814 27
1056 26.806 27
1057 26.806 27
1058 26.792 27
1059 26.832 27
1060 26.85 27
1061 26.828 27
1062 26.833 27
1063 26.851 27
1064 26.822 27
1065 26.824 27
1066 26.804 27
1067 26.823 27
1068 26.826 27
1069 26.831 27
1070 26.83 27
1071 26.78 27
1072 26.775 27
1073 26.787 27
1074 26.774 27
1075 26.773 27
1076 26.733 27
1077 26.75 27
1078 26.751 27
1079 26.761 27
1080 26.755 27
1081 26.777 27
1082 26.773 27
1083 26.789 27
1084 26.826 27
1085 26.817 27
1086 26.841 27
1087 26.825 27
1088 26.793 27
1089 26.815 27
1090 26.81 27
1091 26.817 27
1092 26.785 27
1093 26.75 27
1094 26.723 27
1095 26.711 27
1096 26.719 27
1097 26.74 27
1098 26.728 27
1099 26.738 27
1100 26.728 27
1101 26.764 27
1102 26.742 27
1103 26.772 27
1104 26.771 27
1105 26.775 27
1106 26.765 27
1107 26.764 27
1108 26.74 27
1109 26.769 27
1110 26.799 27
1111 26.77 27
1112 26.767 27
1113 26.807 27
1114 26.81 27
1115 26.807 27
1116 26.793 27
1117 26.8 27
1118 26.798 27
1119 26.82 27
1120 26.787 27
1121 26.79 27
1122 26.836 27
1123 26.806 27
1124 26.814 27
1125 26.816 27
1126 26.827 27
1127 26.826 27
1128 26.823 27
1129 26.834 27
1130 26.831 27
1131 26.828 27
1132 26.814 27
1133 26.794 27
1134 26.804 27
1135 26.773 27
1136 26.759 27
1137 26.8 27
1138 26.803 27
1139 26.779 27
1140 26.817 27
1141 26.825 27
1142 26.819 27
1143 26.808 27
1144 26.823 27
1145 26.822 27
1146 26.777 27
1147 26.816 27
1148 26.816 27
1149 26.822 27
1150 26.834 27
1151 26.825 27
1152 26.826 27
1153 26.823 27
1154 26.826 27
1155 26.834 27
1156 26.832 27
1157 26.83 27
1158 26.845 27
1159 26.854 27
1160 26.855 27
1161 26.857 27
1162 26.842 27
1163 26.83 27
1164 26.804 27
1165 26.781 27
1166 26.717 27
1167 26.692 27
1168 26.667 27
1169 26.683 27
1170 26.722 27
1171 26.762 27
1172 26.778 27
1173 26.767 27
1174 26.78 27
1175 26.769 27
1176 26.741 27
1177 26.767 27
1178 26.783 27
1179 26.785 27
1180 26.785 27
1181 26.802 27
1182 26.758 27
1183 26.756 27
1184 26.759 27
1185 26.78 27
1186 26.766 27
1187 26.76 27
1188 26.732 27
1189 26.747 27
1190 26.742 27
1191 26.763 27
1192 26.768 27
1193 26.753 27
1194 26.765 27
1195 26.784 27
1196 26.779 27
1197 26.75 27
1198 26.746 27
1199 26.771 27
1200 26.762 27
1201 26.816 27
1202 26.823 27
1203 26.825 27
1204 26.802 27
1205 26.801 27
1206 26.799 27
1207 26.782 27
1208 26.776 27
1209 26.772 27
1210 26.777 27
1211 26.78 27
1212 26.789 27
1213 26.774 27
1214 26.759 27
1215 26.769 27
1216 26.785 27
1217 26.732 27
1218 26.731 27
1219 26.714 27
1220 26.716 27
1221 26.735 27
1222 26.706 27
1223 26.704 27
1224 26.663 27
1225 26.674 27
1226 26.702 27
1227 26.726 27
1228 26.74 27
1229 26.739 27
1230 26.756 27
1231 26.747 27
1232 26.758 27
1233 26.753 27
1234 26.776 27
1235 26.777 27
1236 26.746 27
1237 26.716 27
1238 26.734 27
1239 26.722 27
1240 26.743 27
1241 26.734 27
1242 26.712 27
1243 26.708 27
1244 26.758 27
1245 26.731 27
1246 26.753 27
1247 26.733 27
1248 26.703 27
1249 26.689 27
1250 26.669 27
1251 26.672 27
1252 26.682 27
1253 26.691 27
1254 26.662 27
1255 26.67 27
1256 26.674 27
1257 26.692 27
1258 26.73 27
1259 26.752 27
1260 26.78 27
1261 26.745 27
1262 26.765 27
1263 26.774 27
1264 26.754 27
1265 26.746 27
1266 26.762 27
1267 26.753 27
1268 26.745 27
1269 26.765 27
1270 26.752 27
1271 26.748 27
1272 26.77 27
1273 26.803 27
1274 26.807 27
1275 26.813 27
1276 26.829 27
1277 26.856 27
1278 26.866 27
1279 26.827 27
1280 26.832 27
1281 26.817 27
1282 26.81 27
1283 26.819 27
1284 26.817 27
1285 26.795 27
1286 26.808 27
1287 26.799 27
1288 26.775 27
1289 26.743 27
1290 26.738 27
1291 26.775 27
1292 26.77 27
1293 26.738 27
1294 26.713 27
1295 26.692 27
1296 26.683 27
1297 26.703 27
1298 26.698 27
1299 26.714 27
1300 26.692 27
1301 26.67 27
1302 26.665 27
1303 26.684 27
1304 26.678 27
1305 26.655 27
1306 26.696 27
1307 26.705 27
1308 26.674 27
1309 26.701 27
1310 26.699 27
1311 26.676 27
1312 26.663 27
1313 26.7 27
1314 26.707 27
1315 26.754 27
1316 26.767 27
1317 26.769 27
1318 26.776 27
1319 26.777 27
1320 26.752 27
1321 26.738 27
1322 26.728 27
1323 26.719 27
1324 26.72 27
1325 26.76 27
1326 26.758 27
1327 26.743 27
1328 26.748 27
1329 26.799 27
1330 26.822 27
1331 26.807 27
1332 26.786 27
1333 26.804 27
1334 26.787 27
1335 26.783 27
1336 26.782 27
1337 26.802 27
1338 26.772 27
1339 26.788 27
1340 26.747 27
1341 26.74 27
1342 26.723 27
1343 26.711 27
1344 26.727 27
1345 26.673 27
1346 26.67 27
1347 26.65 27
1348 26.642 27
1349 26.644 27
1350 26.648 27
1351 26.631 27
1352 26.625 27
1353 26.639 27
1354 26.615 27
1355 26.625 27
1356 26.653 27
1357 26.678 27
1358 26.677 27
1359 26.708 27
1360 26.677 27
1361 26.694 27
1362 26.702 27
1363 26.758 27
1364 26.763 27
1365 26.743 27
1366 26.763 27
1367 26.79 27
1368 26.798 27
1369 26.798 27
1370 26.812 27
1371 26.808 27
1372 26.829 27
1373 26.82 27
1374 26.799 27
1375 26.773 27
1376 26.786 27
1377 26.802 27
1378 26.829 27
1379 26.82 27
1380 26.797 27
1381 26.785 27
1382 26.78 27
1383 26.794 27
1384 26.78 27
1385 26.781 27
1386 26.802 27
1387 26.838 27
1388 26.847 27
1389 26.851 27
1390 26.855 27
1391 26.879 27
1392 26.882 27
1393 26.876 27
1394 26.865 27
1395 26.869 27
1396 26.885 27
1397 26.869 27
1398 26.841 27
1399 26.826 27
1400 26.803 27
1401 26.809 27
1402 26.849 27
1403 26.869 27
1404 26.857 27
1405 26.846 27
1406 26.835 27
1407 26.832 27
1408 26.837 27
1409 26.831 27
1410 26.842 27
1411 26.83 27
1412 26.853 27
1413 26.829 27
1414 26.812 27
1415 26.828 27
1416 26.849 27
1417 26.855 27
1418 26.854 27
1419 26.846 27
1420 26.862 27
1421 26.839 27
1422 26.844 27
1423 26.822 27
1424 26.809 27
1425 26.816 27
1426 26.846 27
1427 26.87 27
1428 26.871 27
1429 26.87 27
1430 26.896 27
1431 26.905 27
1432 26.881 27
1433 26.873 27
1434 26.863 27
1435 26.877 27
1436 26.9 27
1437 26.884 27
1438 26.867 27
1439 26.866 27
1440 26.856 27
1441 26.861 27
1442 26.833 27
1443 26.818 27
1444 26.822 27
1445 26.805 27
1446 26.834 27
1447 26.809 27
1448 26.81 27
1449 26.787 27
1450 26.798 27
1451 26.787 27
1452 26.795 27
1453 26.766 27
1454 26.794 27
1455 26.85 27
1456 26.858 27
1457 26.847 27
1458 26.865 27
1459 26.859 27
1460 26.829 27
1461 26.817 27
1462 26.782 27
1463 26.765 27
1464 26.774 27
1465 26.781 27
1466 26.786 27
1467 26.764 27
1468 26.785 27
1469 26.769 27
1470 26.801 27
1471 26.793 27
1472 26.744 27
1473 26.762 27
1474 26.789 27
1475 26.774 27
1476 26.767 27
1477 26.77 27
1478 26.802 27
1479 26.807 27
1480 26.801 27
1481 26.79 27
1482 26.782 27
1483 26.745 27
1484 26.75 27
1485 26.706 27
1486 26.771 27
1487 26.765 27
1488 26.774 27
1489 26.773 27
1490 26.797 27
1491 26.783 27
1492 26.733 27
1493 26.771 27
1494 26.774 27
1495 26.766 27
1496 26.749 27
1497 26.734 27
1498 26.739 27
1499 26.751 27
1500 26.729 27
1501 26.737 27
1502 26.717 27
1503 26.742 27
1504 26.714 27
1505 26.693 27
1506 26.749 27
1507 26.732 27
1508 26.767 27
1509 26.797 27
1510 26.828 27
1511 26.813 27
1512 26.796 27
1513 26.821 27
1514 26.807 27
1515 26.797 27
1516 26.795 27
1517 26.786 27
1518 26.829 27
1519 26.821 27
1520 26.839 27
1521 26.857 27
1522 26.87 27
1523 26.864 27
1524 26.875 27
1525 26.884 27
1526 26.86 27
1527 26.86 27
1528 26.839 27
1529 26.843 27
1530 26.832 27
1531 26.826 27
1532 26.82 27
1533 26.814 27
1534 26.844 27
1535 26.815 27
1536 26.853 27
1537 26.853 27
1538 26.827 27
1539 26.798 27
1540 26.791 27
1541 26.782 27
1542 26.789 27
1543 26.744 27
1544 26.736 27
1545 26.774 27
1546 26.772 27
1547 26.749 27
1548 26.757 27
1549 26.726 27
1550 26.729 27
1551 26.742 27
1552 26.782 27
1553 26.786 27
1554 26.776 27
1555 26.741 27
1556 26.752 27
1557 26.767 27
1558 26.786 27
1559 26.789 27
1560 26.795 27
1561 26.792 27
1562 26.797 27
1563 26.801 27
1564 26.77 27
1565 26.76 27
1566 26.783 27
1567 26.742 27
1568 26.747 27
1569 26.714 27
1570 26.699 27
1571 26.675 27
1572 26.672 27
1573 26.692 27
1574 26.707 27
1575 26.712 27
1576 26.738 27
1577 26.747 27
1578 26.76 27
1579 26.724 27
1580 26.746 27
1581 26.758 27
1582 26.754 27
1583 26.756 27
1584 26.778 27
1585 26.76 27
1586 26.77 27
1587 26.756 27
1588 26.754 27
1589 26.732 27
1590 26.707 27
1591 26.725 27
1592 26.698 27
1593 26.736 27
1594 26.76 27
1595 26.76 27
1596 26.791 27
1597 26.775 27
1598 26.797 27
1599 26.772 27
1600 26.764 27
1601 26.75 27
1602 26.732 27
1603 26.726 27
1604 26.739 27
1605 26.754 27
1606 26.739 27
1607 26.723 27
1608 26.718 27
1609 26.707 27
1610 26.68 27
1611 26.679 27
1612 26.67 27
1613 26.712 27
1614 26.71 27
1615 26.707 27
1616 26.663 27
1617 26.614 27
1618 26.548 27
1619 26.561 27
1620 26.589 27
1621 26.657 27
1622 26.69 27
1623 26.686 27
1624 26.702 27
1625 26.725 27
1626 26.721 27
1627 26.696 27
1628 26.712 27
1629 26.681 27
1630 26.677 27
1631 26.673 27
1632 26.678 27
1633 26.689 27
1634 26.675 27
1635 26.635 27
1636 26.666 27
1637 26.661 27
1638 26.661 27
1639 26.702 27
1640 26.71 27
1641 26.726 27
1642 26.75 27
1643 26.779 27
1644 26.764 27
1645 26.773 27
1646 26.816 27
1647 26.815 27
1648 26.848 27
1649 26.857 27
1650 26.868 27
1651 26.871 27
1652 26.856 27
1653 26.845 27
1654 26.841 27
1655 26.886 27
1656 26.89 27
1657 26.865 27
1658 26.861 27
1659 26.886 27
1660 26.862 27
1661 26.855 27
1662 26.84 27
1663 26.861 27
1664 26.848 27
1665 26.854 27
1666 26.866 27
1667 26.866 27
1668 26.852 27
1669 26.845 27
1670 26.856 27
1671 26.846 27
1672 26.86 27
1673 26.871 27
1674 26.866 27
1675 26.868 27
1676 26.866 27
1677 26.888 27
1678 26.872 27
1679 26.85 27
1680 26.82 27
1681 26.827 27
1682 26.831 27
1683 26.835 27
1684 26.834 27
1685 26.835 27
1686 26.847 27
1687 26.835 27
1688 26.822 27
1689 26.83 27
1690 26.811 27
1691 26.801 27
1692 26.797 27
1693 26.785 27
1694 26.784 27
1695 26.76 27
1696 26.762 27
1697 26.749 27
1698 26.776 27
1699 26.802 27
1700 26.785 27
1701 26.778 27
1702 26.749 27
1703 26.779 27
1704 26.793 27
1705 26.796 27
1706 26.795 27
1707 26.783 27
1708 26.78 27
1709 26.762 27
1710 26.784 27
1711 26.769 27
1712 26.813 27
1713 26.811 27
1714 26.82 27
1715 26.782 27
1716 26.807 27
1717 26.775 27
1718 26.761 27
1719 26.68 27
1720 26.676 27
1721 26.711 27
1722 26.726 27
1723 26.758 27
1724 26.742 27
1725 26.754 27
1726 26.762 27
1727 26.763 27
1728 26.763 27
1729 26.744 27
1730 26.764 27
1731 26.759 27
1732 26.717 27
1733 26.701 27
1734 26.702 27
1735 26.679 27
1736 26.71 27
1737 26.741 27
1738 26.757 27
1739 26.745 27
1740 26.743 27
1741 26.774 27
1742 26.787 27
1743 26.794 27
1744 26.787 27
1745 26.78 27
1746 26.793 27
1747 26.803 27
1748 26.764 27
1749 26.719 27
1750 26.698 27
1751 26.707 27
1752 26.675 27
1753 26.727 27
1754 26.725 27
1755 26.714 27
1756 26.734 27
1757 26.726 27
1758 26.689 27
1759 26.659 27
1760 26.634 27
1761 26.638 27
1762 26.649 27
1763 26.625 27
1764 26.597 27
1765 26.608 27
1766 26.585 27
1767 26.596 27
1768 26.59 27
1769 26.624 27
1770 26.614 27
1771 26.567 27
1772 26.596 27
1773 26.611 27
1774 26.617 27
1775 26.605 27
1776 26.647 27
1777 26.66 27
1778 26.61 27
1779 26.656 27
1780 26.666 27
1781 26.65 27
1782 26.653 27
1783 26.694 27
1784 26.691 27
1785 26.689 27
1786 26.657 27
1787 26.632 27
1788 26.638 27
1789 26.706 27
1790 26.684 27
1791 26.677 27
1792 26.677 27
1793 26.7 27
1794 26.693 27
1795 26.683 27
1796 26.684 27
1797 26.683 27
1798 26.706 27
1799 26.706 27
1800 26.71 27
1801 26.711 27
1802 26.701 27
1803 26.682 27
1804 26.701 27
1805 26.686 27
1806 26.695 27
1807 26.652 27
1808 26.66 27
1809 26.634 27
1810 26.646 27
1811 26.643 27
1812 26.692 27
1813 26.702 27
1814 26.71 27
1815 26.699 27
1816 26.696 27
1817 26.69 27
1818 26.706 27
1819 26.66 27
1820 26.679 27
1821 26.66 27
1822 26.72 27
1823 26.745 27
1824 26.745 27
1825 26.742 27
1826 26.768 27
1827 26.751 27
1828 26.776 27
1829 26.771 27
1830 26.758 27
1831 26.794 27
1832 26.816 27
1833 26.804 27
1834 26.848 27
1835 26.842 27
1836 26.846 27
1837 26.824 27
1838 26.792 27
1839 26.779 27
1840 26.784 27
1841 26.787 27
1842 26.757 27
1843 26.744 27
1844 26.762 27
1845 26.747 27
1846 26.694 27
1847 26.716 27
1848 26.787 27
1849 26.809 27
1850 26.79 27
1851 26.789 27
1852 26.796 27
1853 26.819 27
1854 26.825 27
1855 26.794 27
1856 26.826 27
1857 26.855 27
1858 26.85 27
1859 26.816 27
1860 26.822 27
1861 26.83 27
1862 26.822 27
1863 26.839 27
1864 26.809 27
1865 26.79 27
1866 26.778 27
1867 26.772 27
1868 26.788 27
1869 26.815 27
1870 26.812 27
1871 26.81 27
1872 26.808 27
1873 26.792 27
1874 26.791 27
1875 26.803 27
1876 26.827 27
1877 26.801 27
1878 26.819 27
1879 26.846 27
1880 26.844 27
1881 26.828 27
1882 26.83 27
1883 26.852 27
1884 26.858 27
1885 26.848 27
1886 26.839 27
1887 26.827 27
1888 26.819 27
1889 26.83 27
1890 26.855 27
1891 26.874 27
1892 26.838 27
1893 26.809 27
1894 26.832 27
1895 26.821 27
1896 26.806 27
1897 26.805 27
1898 26.771 27
1899 26.767 27
1900 26.78 27
1901 26.762 27
1902 26.778 27
1903 26.74 27
1904 26.746 27
1905 26.727 27
1906 26.743 27
1907 26.804 27
1908 26.799 27
1909 26.799 27
1910 26.8 27
1911 26.824 27
1912 26.788 27
1913 26.794 27
1914 26.789 27
1915 26.805 27
1916 26.838 27
1917 26.845 27
1918 26.837 27
1919 26.812 27
1920 26.791 27
1921 26.77 27
1922 26.784 27
1923 26.806 27
1924 26.781 27
1925 26.794 27
1926 26.772 27
1927 26.763 27
1928 26.775 27
1929 26.781 27
1930 26.767 27
1931 26.782 27
1932 26.789 27
1933 26.821 27
1934 26.841 27
1935 26.852 27
1936 26.836 27
1937 26.832 27
1938 26.814 27
1939 26.835 27
1940 26.821 27
1941 26.8 27
1942 26.795 27
1943 26.789 27
1944 26.786 27
1945 26.773 27
1946 26.758 27
1947 26.759 27
1948 26.751 27
1949 26.744 27
1950 26.772 27
1951 26.782 27
1952 26.771 27
1953 26.81 27
1954 26.802 27
1955 26.81 27
1956 26.806 27
1957 26.839 27
1958 26.835 27
1959 26.826 27
1960 26.832 27
1961 26.815 27
1962 26.835 27
1963 26.816 27
1964 26.816 27
1965 26.839 27
1966 26.843 27
1967 26.807 27
1968 26.8 27
1969 26.84 27
1970 26.807 27
1971 26.806 27
1972 26.819 27
1973 26.838 27
1974 26.857 27
1975 26.852 27
1976 26.831 27
1977 26.809 27
1978 26.834 27
1979 26.853 27
1980 26.848 27
1981 26.849 27
1982 26.862 27
1983 26.836 27
1984 26.844 27
1985 26.855 27
1986 26.838 27
1987 26.812 27
1988 26.832 27
1989 26.799 27
1990 26.843 27
1991 26.877 27
1992 26.871 27
1993 26.873 27
1994 26.885 27
1995 26.88 27
1996 26.894 27
1997 26.89 27
1998 26.867 27
1999 26.871 27
2000 26.872 27
2001 26.875 27
2002 26.886 27
2003 26.891 27
2004 26.866 27
2005 26.853 27
2006 26.855 27
2007 26.849 27
2008 26.854 27
2009 26.828 27
2010 26.842 27
2011 26.814 27
2012 26.832 27
2013 26.841 27
2014 26.868 27
2015 26.856 27
2016 26.861 27
2017 26.864 27
2018 26.84 27
2019 26.812 27
2020 26.812 27
2021 26.804 27
2022 26.788 27
2023 26.771 27
2024 26.777 27
2025 26.789 27
2026 26.751 27
2027 26.749 27
2028 26.751 27
2029 26.763 27
2030 26.786 27
2031 26.824 27
2032 26.839 27
2033 26.838 27
2034 26.845 27
2035 26.845 27
2036 26.851 27
2037 26.81 27
2038 26.792 27
2039 26.82 27
2040 26.829 27
2041 26.825 27
2042 26.808 27
2043 26.813 27
2044 26.807 27
2045 26.752 27
2046 26.733 27
2047 26.764 27
2048 26.75 27
2049 26.768 27
2050 26.766 27
2051 26.772 27
2052 26.77 27
2053 26.781 27
2054 26.787 27
2055 26.822 27
2056 26.807 27
2057 26.79 27
2058 26.789 27
2059 26.768 27
2060 26.792 27
2061 26.798 27
2062 26.769 27
2063 26.797 27
2064 26.788 27
2065 26.801 27
2066 26.781 27
2067 26.776 27
2068 26.835 27
2069 26.836 27
2070 26.822 27
2071 26.823 27
2072 26.821 27
2073 26.841 27
2074 26.818 27
2075 26.813 27
2076 26.83 27
2077 26.835 27
2078 26.865 27
2079 26.857 27
2080 26.868 27
2081 26.854 27
2082 26.844 27
2083 26.88 27
2084 26.862 27
2085 26.866 27
2086 26.864 27
2087 26.851 27
2088 26.844 27
2089 26.851 27
2090 26.845 27
2091 26.853 27
2092 26.854 27
2093 26.834 27
2094 26.852 27
2095 26.832 27
2096 26.839 27
2097 26.788 27
2098 26.801 27
2099 26.793 27
2100 26.782 27
2101 26.734 27
2102 26.757 27
2103 26.72 27
2104 26.707 27
2105 26.71 27
2106 26.704 27
2107 26.716 27
2108 26.705 27
2109 26.688 27
2110 26.686 27
2111 26.686 27
2112 26.677 27
2113 26.657 27
2114 26.728 27
2115 26.726 27
2116 26.726 27
2117 26.659 27
2118 26.644 27
2119 26.666 27
2120 26.644 27
2121 26.678 27
2122 26.686 27
2123 26.675 27
2124 26.665 27
2125 26.66 27
2126 26.651 27
2127 26.627 27
2128 26.624 27
2129 26.664 27
2130 26.596 27
2131 26.642 27
2132 26.645 27
2133 26.617 27
2134 26.568 27
2135 26.565 27
2136 26.597 27
2137 26.622 27
2138 26.628 27
2139 26.644 27
2140 26.634 27
2141 26.608 27
2142 26.609 27
2143 26.608 27
2144 26.577 27
2145 26.57 27
2146 26.556 27
2147 26.553 27
2148 26.597 27
2149 26.623 27
2150 26.636 27
2151 26.627 27
2152 26.659 27
2153 26.657 27
2154 26.677 27
2155 26.679 27
2156 26.635 27
2157 26.629 27
2158 26.605 27
2159 26.66 27
2160 26.678 27
2161 26.69 27
2162 26.668 27
2163 26.664 27
2164 26.699 27
2165 26.675 27
2166 26.67 27
2167 26.687 27
2168 26.688 27
2169 26.701 27
2170 26.708 27
2171 26.683 27
2172 26.643 27
2173 26.659 27
2174 26.653 27
2175 26.651 27
2176 26.637 27
2177 26.647 27
2178 26.589 27
2179 26.626 27
2180 26.63 27
2181 26.618 27
2182 26.626 27
2183 26.593 27
2184 26.618 27
2185 26.651 27
2186 26.663 27
2187 26.669 27
2188 26.703 27
2189 26.722 27
2190 26.698 27
2191 26.713 27
2192 26.708 27
2193 26.717 27
2194 26.711 27
2195 26.69 27
2196 26.667 27
2197 26.675 27
2198 26.711 27
2199 26.726 27
2200 26.701 27
2201 26.763 27
2202 26.773 27
2203 26.779 27
2204 26.747 27
2205 26.752 27
2206 26.779 27
2207 26.755 27
2208 26.725 27
2209 26.688 27
2210 26.699 27
2211 26.689 27
2212 26.678 27
2213 26.642 27
2214 26.684 27
2215 26.684 27
2216 26.706 27
2217 26.706 27
2218 26.721 27
2219 26.73 27
2220 26.743 27
2221 26.751 27
2222 26.771 27
2223 26.764 27
2224 26.756 27
2225 26.817 27
2226 26.847 27
2227 26.851 27
2228 26.854 27
2229 26.866 27
2230 26.871 27
2231 26.896 27
2232 26.89 27
2233 26.878 27
2234 26.86 27
2235 26.846 27
2236 26.838 27
2237 26.803 27
2238 26.783 27
2239 26.788 27
2240 26.807 27
2241 26.778 27
2242 26.78 27
2243 26.789 27
2244 26.786 28
2245 26.799 27
2246 26.785 27
2247 26.806 27
2248 26.803 27
2249 26.792 27
2250 26.793 27
2251 26.79 27
2252 26.797 27
2253 26.785 27
2254 26.768 27
2255 26.804 27
2256 26.825 27
2257 26.849 27
2258 26.847 27
2259 26.831 27
2260 26.817 27
2261 26.804 27
2262 26.803 27
2263 26.82 27
2264 26.792 27
2265 26.784 27
2266 26.782 27
2267 26.764 28
2268 26.79 27
2269 26.802 27
2270 26.835 27
2271 26.831 27
2272 26.807 27
2273 26.829 27
2274 26.821 27
2275 26.816 27
2276 26.802 27
2277 26.807 27
2278 26.825 27
2279 26.797 27
2280 26.802 27
2281 26.798 27
2282 26.79 27
2283 26.805 27
2284 26.826 27
2285 26.816 27
2286 26.804 27
2287 26.799 27
2288 26.793 27
2289 26.802 27
2290 26.77 27
2291 26.774 27
2292 26.78 27
2293 26.754 27
2294 26.713 27
2295 26.703 27
2296 26.691 27
2297 26.686 27
2298 26.711 27
2299 26.687 27
2300 26.709 27
2301 26.686 27
2302 26.709 27
2303 26.678 27
2304 26.678 27
2305 26.737 27
2306 26.773 27
2307 26.74 27
2308 26.749 27
2309 26.72 27
2310 26.751 27
2311 26.765 27
2312 26.767 27
2313 26.784 27
2314 26.792 27
2315 26.804 27
2316 26.813 27
2317 26.802 27
2318 26.81 27
2319 26.817 27
2320 26.821 27
2321 26.846 27
2322 26.855 27
2323 26.85 27
2324 26.828 27
2325 26.85 27
2326 26.827 27
2327 26.834 27
2328 26.831 27
2329 26.83 27
2330 26.806 27
2331 26.791 27
2332 26.757 27
2333 26.748 27
2334 26.721 27
2335 26.711 27
2336 26.696 27
2337 26.712 27
2338 26.703 27
2339 26.68 27
2340 26.652 27
2341 26.644 27
2342 26.657 27
2343 26.701 27
2344 26.708 27
2345 26.703 27
2346 26.719 27
2347 26.746 27
2348 26.764 27
2349 26.782 27
2350 26.782 27
2351 26.771 27
2352 26.767 27
2353 26.743 27
2354 26.755 27
2355 26.692 27
2356 26.68 27
2357 26.704 27
2358 26.733 27
2359 26.71 27
2360 26.699 27
2361 26.71 27
2362 26.687 27
2363 26.658 27
2364 26.685 27
2365 26.751 27
2366 26.73 27
2367 26.743 27
2368 26.734 27
2369 26.747 27
2370 26.735 27
2371 26.715 27
2372 26.737 27
2373 26.76 27
2374 26.781 27
2375 26.805 27
2376 26.796 27
2377 26.801 27
2378 26.812 27
2379 26.817 27
2380 26.786 27
2381 26.82 27
2382 26.827 27
2383 26.873 27
2384 26.847 27
2385 26.84 27
2386 26.834 27
2387 26.802 27
2388 26.845 27
2389 26.821 27
2390 26.785 27
2391 26.759 27
2392 26.783 27
2393 26.786 27
2394 26.81 27
2395 26.79 27
2396 26.792 27
2397 26.769 27
2398 26.769 27
2399 26.751 27
2400 26.726 27
2401 26.713 27
2402 26.757 27
2403 26.767 27
2404 26.761 27
2405 26.784 27
2406 26.77 27
2407 26.759 27
2408 26.754 27
2409 26.762 27
2410 26.782 27
2411 26.765 27
2412 26.772 27
2413 26.811 27
2414 26.754 27
2415 26.806 27
2416 26.766 27
2417 26.749 27
2418 26.712 27
2419 26.706 27
2420 26.664 27
2421 26.691 27
2422 26.688 27
2423 26.672 27
2424 26.742 27
2425 26.756 27
2426 26.757 27
2427 26.771 27
2428 26.748 27
2429 26.738 27
2430 26.758 27
2431 26.818 27
2432 26.831 27
2433 26.804 27
2434 26.789 27
2435 26.784 27
2436 26.744 27
2437 26.763 27
2438 26.736 27
2439 26.755 27
2440 26.727 27
2441 26.694 27
2442 26.72 27
2443 26.745 27
2444 26.784 27
2445 26.801 27
2446 26.797 27
2447 26.794 27
2448 26.825 27
2449 26.798 27
2450 26.796 27
2451 26.774 27
2452 26.76 27
2453 26.744 27
2454 26.756 27
2455 26.725 27
2456 26.738 27
2457 26.701 27
2458 26.723 27
2459 26.673 27
2460 26.672 27
2461 26.675 27
2462 26.673 27
2463 26.672 27
2464 26.692 27
2465 26.735 27
2466 26.711 27
2467 26.695 27
2468 26.708 27
2469 26.685 27
2470 26.707 27
2471 26.672 27
2472 26.624 27
2473 26.634 27
2474 26.661 27
2475 26.646 27
2476 26.689 27
2477 26.665 27
2478 26.662 27
2479 26.695 27
2480 26.691 27
2481 26.67 27
2482 26.731 27
2483 26.71 27
2484 26.747 27
2485 26.757 27
2486 26.768 27
2487 26.761 27
2488 26.769 27
2489 26.706 27
2490 26.714 27
2491 26.72 27
2492 26.712 27
2493 26.672 27
2494 26.725 27
2495 26.746 27
2496 26.745 27
2497 26.716 27
2498 26.722 27
2499 26.742 27
2500 26.765 27
2501 26.763 27
2502 26.747 27
2503 26.728 27
2504 26.757 27
2505 26.751 27
2506 26.76 27
2507 26.769 27
2508 26.74 27
2509 26.725 27
2510 26.708 27
2511 26.699 27
2512 26.754 27
2513 26.756 27
2514 26.744 27
2515 26.788 27
2516 26.757 27
2517 26.784 27
2518 26.759 27
2519 26.768 27
2520 26.765 27
2521 26.769 27
2522 26.775 27
2523 26.752 27
2524 26.776 27
2525 26.781 27
2526 26.817 27
2527 26.837 27
2528 26.848 27
2529 26.828 27
2530 26.809 27
2531 26.824 27
2532 26.785 27
2533 26.802 27
2534 26.776 27
2535 26.775 27
2536 26.788 27
2537 26.797 27
2538 26.784 27
2539 26.799 27
2540 26.796 27
2541 26.792 27
2542 26.798 27
2543 26.806 27
2544 26.808 27
2545 26.807 27
2546 26.774 27
2547 26.77 27
2548 26.788 27
2549 26.798 27
2550 26.787 27
2551 26.794 27
2552 26.758 27
2553 26.765 27
2554 26.788 27
2555 26.79 27
2556 26.818 27
2557 26.796 27
2558 26.772 27
2559 26.762 27
2560 26.764 27
2561 26.79 27
2562 26.808 27
2563 26.814 27
2564 26.762 27
2565 26.764 27
2566 26.785 27
2567 26.796 27
2568 26.822 27
2569 26.84 27
2570 26.839 27
2571 26.838 27
2572 26.859 27
2573 26.85 27
2574 26.847 27
2575 26.839 27
2576 26.833 27
2577 26.8 27
2578 26.768 27
2579 26.727 27
2580 26.719 27
2581 26.745 27
2582 26.727 27
2583 26.68 27
2584 26.709 27
2585 26.764 27
2586 26.771 27
2587 26.802 27
2588 26.827 27
2589 26.836 27
2590 26.811 27
2591 26.839 27
2592 26.841 27
2593 26.838 27
2594 26.828 27
2595 26.831 27
2596 26.799 27
2597 26.787 27
2598 26.799 27
2599 26.815 27
2600 26.779 27
2601 26.771 27
2602 26.766 27
2603 26.782 27
2604 26.772 27
2605 26.766 27
2606 26.782 27
2607 26.781 27
2608 26.819 27
2609 26.815 27
2610 26.772 27
2611 26.749 27
2612 26.761 27
2613 26.753 27
2614 26.75 27
2615 26.762 27
2616 26.791 27
2617 26.807 27
2618 26.806 27
2619 26.824 27
2620 26.799 27
2621 26.807 27
2622 26.822 27
2623 26.788 27
2624 26.806 27
2625 26.801 27
2626 26.797 27
2627 26.787 27
2628 26.783 27
2629 26.798 27
2630 26.793 27
2631 26.772 27
2632 26.76 27
2633 26.781 27
2634 26.794 27
2635 26.796 27
2636 26.781 27
2637 26.788 27
2638 26.783 27
2639 26.811 27
2640 26.818 27
2641 26.825 27
2642 26.812 27
2643 26.832 27
2644 26.834 27
2645 26.845 27
2646 26.837 27
2647 26.836 27
2648 26.819 27
2649 26.794 27
2650 26.788 27
2651 26.775 27
2652 26.789 27
2653 26.796 27
2654 26.801 27
2655 26.793 27
2656 26.803 27
2657 26.801 27
2658 26.809 27
2659 26.797 27
2660 26.81 27
2661 26.774 27
2662 26.776 27
2663 26.774 27
2664 26.797 27
2665 26.786 27
2666 26.751 27
2667 26.785 27
2668 26.791 27
2669 26.799 27
2670 26.791 27
2671 26.812 27
2672 26.839 27
2673 26.814 27
2674 26.835 27
2675 26.836 27
2676 26.819 27
2677 26.821 27
2678 26.797 27
2679 26.802 27
2680 26.787 27
2681 26.761 27
2682 26.781 27
2683 26.766 27
2684 26.769 27
2685 26.782 27
2686 26.774 27
2687 26.786 27
2688 26.78 27
2689 26.758 27
2690 26.766 27
2691 26.771 27
2692 26.754 27
2693 26.796 27
2694 26.765 27
2695 26.772 27
2696 26.766 27
2697 26.79 27
2698 26.783 27
2699 26.778 27
2700 26.763 27
2701 26.756 27
2702 26.803 27
2703 26.815 27
2704 26.824 27
2705 26.833 27
2706 26.84 27
2707 26.829 27
2708 26.85 27
2709 26.851 27
2710 26.89 27
2711 26.886 27
2712 26.878 27
2713 26.871 27
2714 26.857 27
2715 26.852 27
2716 26.846 27
2717 26.867 27
2718 26.86 27
2719 26.839 27
2720 26.846 27
2721 26.857 27
2722 26.867 27
2723 26.883 27
2724 26.877 27
2725 26.858 27
2726 26.845 27
2727 26.859 27
2728 26.866 27
2729 26.874 27
2730 26.877 27
2731 26.886 27
2732 26.878 27
2733 26.888 27
2734 26.87 27
2735 26.867 27
2736 26.857 27
2737 26.849 27
2738 26.814 27
2739 26.823 27
2740 26.823 27
2741 26.801 27
2742 26.797 27
2743 26.805 27
2744 26.805 27
2745 26.789 27
2746 26.747 27
2747 26.763 27
2748 26.816 27
2749 26.828 27
2750 26.819 27
2751 26.818 27
2752 26.806 27
2753 26.794 27
2754 26.801 27
2755 26.807 27
2756 26.819 27
2757 26.836 27
2758 26.802 27
2759 26.784 27
2760 26.775 27
2761 26.761 27
2762 26.722 27
2763 26.728 27
2764 26.768 27
2765 26.749 27
2766 26.783 27
2767 26.815 27
2768 26.804 27
2769 26.818 27
2770 26.787 27
2771 26.777 27
2772 26.793 27
2773 26.786 27
2774 26.823 27
2775 26.796 27
2776 26.804 27
2777 26.79 27
2778 26.797 27
2779 26.816 27
2780 26.798 27
2781 26.811 27
2782 26.83 27
2783 26.857 27
2784 26.864 27
2785 26.884 27
2786 26.886 27
2787 26.89 27
2788 26.884 27
2789 26.865 27
2790 26.871 27
2791 26.86 27
2792 26.866 27
2793 26.857 27
2794 26.841 27
2795 26.825 27
2796 26.815 27
2797 26.829 27
2798 26.812 27
2799 26.826 27
2800 26.844 27
2801 26.85 27
2802 26.842 27
2803 26.844 27
2804 26.828 27
2805 26.808 27
2806 26.805 27
2807 26.788 27
2808 26.8 27
2809 26.846 27
2810 26.852 27
2811 26.853 27
2812 26.852 27
2813 26.851 27
2814 26.84 27
2815 26.839 27
2816 26.846 27
2817 26.861 27
2818 26.842 27
2819 26.809 27
2820 26.785 27
2821 26.786 27
2822 26.76 27
2823 26.753 27
2824 26.698 27
2825 26.72 27
2826 26.66 27
2827 26.679 27
2828 26.654 27
2829 26.674 27
2830 26.673 27
2831 26.675 27
2832 26.68 27
2833 26.672 27
2834 26.674 27
2835 26.638 27
2836 26.668 27
2837 26.676 27
2838 26.695 27
2839 26.706 27
2840 26.742 27
2841 26.743 27
2842 26.719 27
2843 26.745 27
2844 26.726 27
2845 26.694 27
2846 26.699 27
2847 26.73 27
2848 26.73 27
2849 26.733 27
2850 26.759 27
2851 26.738 27
2852 26.747 27
2853 26.755 27
2854 26.784 27
2855 26.805 27
2856 26.781 27
2857 26.795 27
2858 26.802 27
2859 26.786 27
2860 26.801 27
2861 26.764 27
2862 26.746 27
2863 26.763 27
2864 26.761 27
2865 26.756 27
2866 26.767 27
2867 26.771 27
2868 26.78 27
2869 26.75 27
2870 26.779 27
2871 26.782 27
2872 26.767 27
2873 26.796 27
2874 26.803 27
2875 26.809 27
2876 26.822 27
2877 26.849 27
2878 26.836 27
2879 26.836 27
2880 26.797 27
2881 26.798 27
2882 26.797 27
2883 26.8 27
2884 26.793 27
2885 26.788 27
2886 26.773 27
2887 26.746 27
2888 26.709 27
2889 26.706 27
2890 26.69 27
2891 26.685 27
2892 26.716 27
2893 26.675 27
2894 26.711 27
2895 26.674 27
2896 26.665 27
2897 26.676 27
2898 26.682 27
2899 26.682 27
2900 26.677 27
2901 26.682 27
2902 26.684 27
2903 26.686 27
2904 26.732 27
2905 26.715 27
2906 26.763 27
2907 26.777 27
2908 26.76 27
2909 26.753 27
2910 26.758 27
2911 26.725 27
2912 26.747 27
2913 26.757 27
2914 26.746 27
2915 26.744 27
2916 26.753 27
2917 26.771 27
2918 26.768 27
2919 26.784 27
2920 26.805 27
2921 26.799 27
2922 26.787 27
2923 26.769 27
2924 26.741 27
2925 26.723 27
2926 26.698 27
2927 26.683 27
2928 26.7 27
2929 26.725 27
2930 26.756 27
2931 26.748 27
2932 26.733 27
2933 26.738 27
2934 26.752 27
2935 26.761 27
2936 26.746 27
2937 26.74 27
2938 26.745 27
2939 26.762 27
2940 26.8 27
2941 26.769 27
2942 26.756 27
2943 26.786 27
2944 26.801 27
2945 26.78 27
2946 26.801 27
2947 26.769 27
2948 26.775 27
2949 26.779 27
2950 26.76 27
2951 26.74 27
2952 26.732 27
2953 26.766 27
2954 26.83 27
2955 26.814 27
2956 26.793 27
2957 26.816 27
2958 26.823 27
2959 26.834 27
2960 26.811 27
2961 26.838 27
2962 26.82 27
2963 26.811 27
2964 26.828 27
2965 26.824 27
2966 26.823 27
2967 26.818 27
2968 26.797 27
2969 26.81 27
2970 26.842 27
2971 26.812 27
2972 26.839 27
2973 26.798 27
2974 26.802 27
2975 26.799 27
2976 26.8 27
2977 26.785 27
2978 26.783 27
2979 26.743 27
2980 26.752 27
2981 26.805 27
2982 26.802 27
2983 26.808 27
2984 26.801 27
2985 26.775 27
2986 26.757 27
2987 26.759 27
2988 26.782 27
2989 26.765 27
2990 26.825 27
2991 26.811 27
2992 26.803 27
2993 26.801 27
2994 26.797 27
2995 26.769 27
2996 26.716 27
2997 26.675 27
2998 26.667 27
2999 26.672 27
