0 21.77 26
1 21.81 25
2 21.8 25
3 21.68 26
4 21.43 24
5 21.56 25
6 21.59 24
7 21.6 26
8 21.72 26
9 21.65 26
10 21.56 26
11 21.62 25
12 21.47 25
13 21.72 25
14 21.84 25
15 21.95 25
16 21.83 26
17 21.85 26
18 21.87 25
19 22.0 25
20 22.18 26
21 21.99 25
22 22.0 25
23 21.97 25
24 21.75 26
25 21.74 26
26 22.0 26
27 22.15 26
28 21.93 25
29 21.8 26
30 21.53 26
31 21.8 26
32 21.65 25
33 21.43 24
34 21.7 25
35 21.87 26
36 22.0 25
37 21.67 26
38 21.88 26
39 22.01 26
40 21.96 26
41 22.07 26
42 22.22 26
43 22.23 26
44 22.25 26
45 22.36 25
46 21.95 26
47 22.21 26
48 22.42 26
49 22.51 26
50 22.45 25
51 22.59 25
52 22.53 25
53 22.47 25
54 22.52 25
55 22.72 26
56 22.82 26
57 22.66 25
58 22.56 26
59 22.55 26
60 22.45 26
61 22.49 25
62 22.41 25
63 22.76 26
64 22.87 25
65 22.77 25
66 22.86 25
67 22.73 25
68 22.62 25
69 22.59 26
70 22.56 25
71 22.69 25
72 22.7 25
73 22.78 26
74 22.8 26
75 22.64 26
76 22.77 25
77 23.07 26
78 23.17 26
79 23.31 26
80 23.42 26
81 23.47 26
82 23.4 26
83 23.51 26
84 23.51 26
85 23.7 26
86 23.72 26
87 23.77 26
88 23.79 26
89 23.79 26
90 23.79 26
91 23.81 26
92 23.87 26
93 24.14 26
94 24.13 26
95 23.97 26
96 24.07 26
97 24.17 26
98 24.15 26
99 24.2 26
100 24.25 26
101 24.45 26
102 24.56 26
103 24.67 26
104 24.64 26
105 24.58 26
106 24.52 26
107 24.61 26
108 24.76 26
109 24.72 26
110 24.85 27
111 24.9 27
112 24.98 27
113 25.03 27
114 25.12 27
115 25.12 27
116 25.13 27
117 25.05 27
118 25.24 27
119 25.26 27
120 25.29 27
121 25.09 27
122 25.3 26
123 25.34 26
124 25.44 26
125 25.47 26
126 25.34 26
127 25.43 26
128 25.47 26
129 25.59 26
130 25.47 26
131 25.39 27
132 25.51 27
133 25.63 27
134 25.66 27
135 25.73 27
136 25.72 26
137 25.76 26
138 25.78 26
139 25.78 26
140 25.71 26
141 25.77 26
142 25.74 26
143 25.63 26
144 25.61 26
145 25.68 26
146 25.73 26
147 25.75 26
148 25.87 26
149 25.83 26
150 25.84 26
151 25.84 26
152 25.8 26
153 25.85 26
154 25.88 26
155 25.96 26
156 25.95 26
157 25.95 26
158 25.94 26
159 25.96 26
160 25.93 26
161 25.93 26
162 25.88 26
163 25.93 26
164 25.92 26
165 25.92 26
166 25.84 26
167 25.78 26
168 25.67 26
169 25.65 26
170 25.63 26
171 25.61 26
172 25.74 26
173 25.72 26
174 25.69 26
175 25.89 26
176 25.9 26
177 25.85 26
178 25.79 26
179 25.79 26
180 25.81 26
181 25.84 26
182 25.83 26
183 25.83 26
184 25.84 26
185 25.84 26
186 25.86 26
187 25.82 26
188 25.77 26
189 25.72 26
190 25.64 26
191 25.69 26
192 25.62 26
193 25.66 26
194 25.62 26
195 25.66 26
196 25.76 26
197 25.73 26
198 25.76 26
199 25.78 26
200 25.65 26
201 25.73 26
202 25.73 26
203 25.75 26
204 25.76 26
205 25.86 26
206 25.91 26
207 25.88 26
208 25.87 26
209 25.83 26
210 25.84 26
211 25.81 26
212 25.78 26
213 25.75 27
214 25.87 27
215 25.95 27
216 25.93 27
217 25.92 27
218 25.85 27
219 25.8 27
220 25.74 27
221 25.74 27
222 25.68 27
223 25.71 27
224 25.7 27
225 25.78 27
226 25.91 27
227 25.78 27
228 25.75 27
229 25.77 27
230 25.78 27
231 25.82 27
232 25.79 27
233 25.68 27
234 25.68 27
235 25.72 27
236 25.63 27
237 25.66 27
238 25.64 27
239 25.67 27
240 25.49 27
241 25.45 27
242 25.45 27
243 25.44 27
244 25.3 27
245 25.3 27
246 25.26 27
247 25.38 27
248 25.32 27
249 25.39 27
250 25.51 27
251 25.58 27
252 25.64 27
253 25.66 26
254 25.58 26
255 25.53 26
256 25.58 27
257 25.57 27
258 25.56 27
259 25.61 27
260 25.67 27
261 25.67 27
262 25.61 27
263 25.54 27
264 25.51 27
265 25.55 27
266 25.58 27
267 25.65 27
268 25.64 27
269 25.61 27
270 25.56 27
271 25.5 27
272 25.43 27
273 25.49 27
274 25.38 26
275 25.37 26
276 25.47 27
277 25.59 26
278 25.61 26
279 25.61 26
280 25.61 26
281 25.57 26
282 25.52 26
283 25.46 26
284 25.39 26
285 25.54 26
286 25.57 27
287 25.57 27
288 25.62 27
289 25.78 27
290 25.78 27
291 25.78 27
292 25.87 27
293 26.01 27
294 25.98 27
295 25.95 27
296 25.99 27
297 26.08 27
298 26.01 28
299 26.01 27
300 25.85 27
301 25.91 27
302 25.91 27
303 25.84 27
304 25.96 27
305 25.86 27
306 25.94 27
307 25.82 27
308 25.94 27
309 26.03 27
310 26.12 27
311 26.21 27
312 26.24 27
313 26.27 27
314 26.3 27
315 26.28 27
316 26.33 27
317 26.28 27
318 26.22 27
319 26.24 27
320 26.26 27
321 26.27 27
322 26.35 27
323 26.36 27
324 26.37 27
325 26.33 27
326 26.22 27
327 26.19 27
328 26.19 27
329 26.18 27
330 26.2 27
331 26.12 27
332 26.11 27
333 26.1 27
334 26.15 27
335 26.21 27
336 26.36 27
337 26.39 27
338 26.39 27
339 26.49 27
340 26.56 27
341 26.51 27
342 26.48 27
343 26.51 27
344 26.55 27
345 26.57 27
346 26.66 27
347 26.63 27
348 26.66 27
349 26.64 27
350 26.68 27
351 26.64 27
352 26.66 27
353 26.56 27
354 26.48 27
355 26.49 27
356 26.54 27
357 26.6 27
358 26.73 27
359 26.58 27
360 26.73 27
361 26.75 27
362 26.77 27
363 26.75 27
364 26.58 27
365 26.59 27
366 26.47 27
367 26.54 27
368 26.58 27
369 26.65 27
370 26.7 27
371 26.69 27
372 26.71 27
373 26.76 27
374 26.73 27
375 26.73 27
376 26.68 27
377 26.56 27
378 26.69 27
379 26.68 27
380 26.69 27
381 26.82 27
382 26.9 27
383 26.92 27
384 26.92 27
385 26.98 27
386 27.0 27
387 27.0 27
388 27.0 27
389 26.95 27
390 26.99 27
391 27.0 27
392 26.99 27
393 26.94 27
394 26.93 27
395 26.93 27
396 26.9 27
397 26.91 27
398 26.89 27
399 26.89 27
400 26.87 27
401 26.88 27
402 26.86 27
403 26.79 27
404 26.76 27
405 26.78 27
406 26.7 27
407 26.65 27
408 26.64 27
409 26.67 27
410 26.86 27
411 26.94 27
412 26.92 27
413 26.91 27
414 26.89 27
415 26.82 27
416 26.85 27
417 26.82 27
418 26.84 27
419 26.88 27
420 26.91 27
421 26.94 27
422 26.97 27
423 26.95 27
424 26.96 27
425 26.95 27
426 26.91 27
427 26.88 27
428 26.87 27
429 26.9 27
430 26.86 27
431 26.84 27
432 26.82 27
433 26.73 27
434 26.76 27
435 26.7 27
436 26.52 28
437 26.68 28
438 26.69 28
439 26.79 28
440 26.73 28
441 26.81 28
442 26.9 28
443 26.99 28
444 27.02 28
445 27.02 28
446 27.06 28
447 27.07 28
448 27.06 28
449 27.01 28
450 27.05 28
451 27.07 28
452 27.04 28
453 27.03 28
454 27.02 28
455 27.0 28
456 27.01 28
457 27.03 28
458 27.01 28
459 27.01 28
460 27.0 27
461 27.0 27
462 26.9 27
463 26.98 27
464 27.0 27
465 26.99 27
466 26.99 27
467 26.94 27
468 26.93 27
469 26.94 27
470 26.91 27
471 26.94 27
472 26.91 27
473 26.93 27
474 26.86 27
475 26.83 27
476 26.74 27
477 26.65 27
478 26.77 27
479 26.76 27
480 26.74 27
481 26.8 27
482 26.78 27
483 26.79 27
484 26.72 27
485 26.69 27
486 26.69 27
487 26.71 27
488 26.7 27
489 26.61 27
490 26.63 28
491 26.72 28
492 26.66 27
493 26.63 27
494 26.6 27
495 26.57 27
496 26.66 27
497 26.73 27
498 26.64 27
499 26.63 27
500 26.59 27
501 26.53 27
502 26.56 27
503 26.5 27
504 26.54 27
505 26.62 27
506 26.65 27
507 26.65 27
508 26.58 27
509 26.57 27
510 26.62 27
511 26.61 27
512 26.63 27
513 26.77 27
514 26.79 27
515 26.71 27
516 26.79 27
517 26.79 27
518 26.77 27
519 26.79 27
520 26.8 27
521 26.78 27
522 26.84 27
523 26.86 27
524 26.87 27
525 26.84 27
526 26.86 27
527 26.9 27
528 26.87 27
529 26.79 27
530 26.73 27
531 26.8 27
532 26.88 27
533 26.93 27
534 26.9 27
535 26.88 27
536 26.84 27
537 26.88 27
538 26.84 27
539 26.83 27
540 26.83 27
541 26.85 27
542 26.78 27
543 26.82 27
544 26.78 27
545 26.83 27
546 26.9 27
547 26.88 27
548 26.82 27
549 26.88 27
550 26.83 27
551 26.76 27
552 26.79 27
553 26.85 27
554 26.88 27
555 26.91 27
556 26.95 27
557 26.94 27
558 26.96 27
559 26.97 27
560 26.92 27
561 26.91 27
562 26.93 27
563 26.86 27
564 26.84 27
565 26.83 27
566 26.84 27
567 26.88 27
568 26.89 27
569 26.93 27
570 26.94 27
571 26.91 27
572 26.93 27
573 26.89 27
574 26.85 27
575 26.82 27
576 26.83 27
577 26.86 27
578 26.89 27
579 26.87 27
580 26.91 27
581 26.89 27
582 26.89 27
583 26.88 27
584 26.88 27
585 26.91 27
586 26.88 27
587 26.88 27
588 26.88 27
589 26.81 27
590 26.75 27
591 26.84 27
592 26.79 27
593 26.78 27
594 26.7 27
595 26.68 27
596 26.64 27
597 26.82 27
598 26.75 27
599 26.69 27
600 26.7 27
601 26.72 27
602 26.8 27
603 26.87 27
604 26.88 27
605 26.88 27
606 26.8 27
607 26.93 27
608 26.93 27
609 26.92 27
610 26.92 27
611 26.98 27
612 27.0 27
613 27.0 27
614 26.97 27
615 26.96 27
616 26.9 27
617 26.92 27
618 26.95 27
619 27.0 27
620 27.0 27
621 27.0 27
622 27.0 27
623 26.98 27
624 26.93 27
625 26.98 27
626 27.0 27
627 26.96 27
628 26.93 27
629 26.82 27
630 26.78 27
631 26.77 28
632 26.79 28
633 26.84 28
634 26.87 28
635 26.8 28
636 26.86 28
637 26.97 28
638 27.0 28
639 26.91 28
640 26.98 28
641 26.95 28
642 26.98 28
643 27.04 28
644 26.97 28
645 26.94 28
646 26.98 28
647 26.98 28
648 26.9 28
649 26.81 28
650 26.83 28
651 26.79 28
652 26.94 28
653 26.92 28
654 26.81 28
655 26.97 28
656 27.0 28
657 27.02 28
658 27.03 28
659 27.07 28
660 27.11 28
661 27.2 28
662 27.15 28
663 27.15 28
664 27.21 28
665 27.31 28
666 27.27 28
667 27.27 28
668 27.3 28
669 27.32 28
670 27.26 28
671 27.31 28
672 27.35 28
673 27.28 28
674 27.35 28
675 27.34 28
676 27.25 28
677 27.22 28
678 27.15 28
679 27.14 28
680 27.18 28
681 27.24 28
682 27.32 28
683 27.11 28
684 27.07 28
685 27.01 28
686 27.04 28
687 27.17 28
688 27.17 28
689 27.16 28
690 27.12 28
691 27.09 28
692 27.17 28
693 27.18 28
694 27.15 28
695 27.16 28
696 27.17 28
697 27.27 28
698 27.37 28
699 27.4 28
700 27.4 28
701 27.32 28
702 27.34 28
703 27.32 28
704 27.33 28
705 27.45 28
706 27.42 28
707 27.21 28
708 27.09 28
709 27.22 28
710 27.3 28
711 27.17 28
712 27.25 28
713 27.24 28
714 27.25 28
715 27.21 28
716 27.13 28
717 27.19 28
718 27.24 28
719 27.28 28
720 27.26 28
721 27.31 28
722 27.39 28
723 27.24 28
724 27.1 28
725 27.09 28
726 27.15 28
727 27.18 28
728 27.32 28
729 27.38 28
730 27.39 28
731 27.48 28
732 27.54 28
733 27.6 28
734 27.55 28
735 27.52 28
736 27.69 28
737 27.66 28
738 27.69 28
739 27.74 28
740 27.79 28
741 27.76 28
742 27.78 28
743 27.89 28
744 27.83 28
745 27.81 28
746 27.81 28
747 27.81 28
748 27.76 28
749 27.83 28
750 27.91 28
751 27.91 28
752 27.83 28
753 27.8 28
754 27.88 28
755 27.82 28
756 27.75 28
757 27.71 28
758 27.6 28
759 27.61 28
760 27.6 28
761 27.68 28
762 27.65 28
763 27.79 28
764 27.89 28
765 27.82 28
766 27.71 28
767 27.74 28
768 27.6 28
769 27.63 28
770 27.45 28
771 27.32 28
772 27.39 28
773 27.59 28
774 27.59 28
775 27.59 28
776 27.63 28
777 27.63 28
778 27.73 28
779 27.76 28
780 27.81 28
781 27.7 28
782 27.83 28
783 27.87 28
784 27.92 28
785 27.91 28
786 27.89 28
787 27.83 28
788 27.79 28
789 27.78 28
790 27.83 28
791 27.84 28
792 27.8 28
793 27.79 28
794 27.7 28
795 27.77 28
796 27.78 28
797 27.89 28
798 27.93 28
799 27.91 28
800 27.89 28
801 27.94 28
802 27.96 28
803 27.97 28
804 27.97 28
805 27.97 28
806 27.88 28
807 27.91 28
808 27.83 28
809 27.65 28
810 27.72 28
811 27.72 28
812 27.8 28
813 27.84 28
814 27.75 28
815 27.78 28
816 27.78 28
817 27.81 28
818 27.89 28
819 27.94 28
820 27.94 28
821 27.92 28
822 27.96 28
823 27.96 28
824 27.91 28
825 27.92 28
826 27.93 28
827 27.91 28
828 27.92 28
829 27.94 28
830 27.88 28
831 27.87 28
832 27.92 28
833 27.91 28
834 27.91 28
835 27.86 28
836 27.86 28
837 27.66 28
838 27.66 28
839 27.59 28
840 27.61 28
841 27.57 28
842 27.52 28
843 27.53 28
844 27.4 28
845 27.52 28
846 27.49 28
847 27.52 28
848 27.62 28
849 27.64 28
850 27.72 28
851 27.6 28
852 27.47 28
853 27.18 28
854 27.35 28
855 27.37 28
856 27.41 28
857 27.45 28
858 27.4 28
859 27.27 28
860 27.3 28
861 27.32 28
862 27.52 28
863 27.61 28
864 27.58 28
865 27.44 28
866 27.55 28
867 27.49 28
868 27.52 28
869 27.7 28
870 27.73 28
871 27.79 28
872 27.85 28
873 27.91 28
874 27.84 28
875 27.79 28
876 27.8 28
877 27.78 28
878 27.79 28
879 27.77 28
880 27.78 28
881 27.73 28
882 27.68 28
883 27.73 28
884 27.74 28
885 27.9 28
886 27.93 28
887 27.99 28
888 27.98 28
889 27.91 28
890 27.86 28
891 27.92 28
892 27.93 28
893 27.81 28
894 27.81 28
895 27.91 28
896 27.91 28
897 27.98 28
898 27.94 28
899 27.94 28
900 27.96 28
901 27.97 28
902 27.96 28
903 27.96 28
904 27.94 28
905 27.92 28
906 27.88 28
907 27.85 28
908 27.88 28
909 27.84 28
910 27.86 28
911 27.79 28
912 27.91 28
913 27.9 28
914 27.95 28
915 27.97 28
916 27.98 28
917 27.96 28
918 28.0 28
919 27.98 28
920 27.95 28
921 27.92 28
922 28.0 28
923 27.98 28
924 27.95 28
925 27.89 28
926 27.92 28
927 27.89 28
928 27.84 28
929 27.84 28
930 27.94 28
931 27.94 28
932 27.98 28
933 27.95 28
934 27.91 28
935 27.93 28
936 27.93 28
937 27.91 28
938 27.93 28
939 27.95 28
940 27.89 28
941 27.86 28
942 27.87 28
943 27.9 28
944 27.85 28
945 27.73 28
946 27.69 28
947 27.77 28
948 27.71 28
949 27.72 28
950 27.79 28
951 27.68 28
952 27.72 28
953 27.61 28
954 27.65 28
955 27.55 28
956 27.73 28
957 27.8 28
958 27.94 28
959 27.97 28
960 27.99 28
961 27.97 28
962 27.94 28
963 27.93 28
964 27.92 28
965 27.9 28
966 27.8 28
967 27.77 28
968 27.81 28
969 27.82 28
970 27.9 28
971 27.89 28
972 27.79 28
973 27.75 28
974 27.78 28
975 27.79 28
976 27.81 28
977 27.91 28
978 27.92 28
979 27.9 28
980 27.77 28
981 27.7 28
982 27.82 28
983 27.83 28
984 27.82 28
985 27.9 28
986 27.93 28
987 27.91 28
988 27.93 28
989 27.93 28
990 27.87 28
991 27.9 28
992 27.96 28
993 27.93 28
994 27.87 28
995 27.82 28
996 27.8 28
997 27.82 28
998 27.66 28
999 27.63 28
