0 21.634 26
1 21.694 26
2 21.814 26
3 21.776 26
4 21.852 27
5 21.84 25
6 21.852 25
7 21.814 26
8 21.884 27
9 21.96 27
10 21.972 26
11 21.876 25
12 21.878 25
13 21.834 26
14 21.936 26
15 21.994 26
16 21.996 26
17 22.118 26
18 22.13 26
19 22.088 26
20 22.0 27
21 22.08 26
22 22.088 26
23 22.02 25
24 21.87 26
25 21.932 25
26 21.896 25
27 21.964 26
28 21.954 26
29 22.018 25
30 21.926 26
31 21.968 25
32 22.154 26
33 22.158 26
34 22.13 26
35 22.078 26
36 22.07 26
37 22.136 26
38 22.158 26
39 22.18 27
40 22.062 27
41 22.116 26
42 22.084 27
43 22.114 26
44 22.062 26
45 22.048 26
46 22.106 26
47 22.104 25
48 22.164 27
49 22.206 26
50 22.236 26
51 22.328 26
52 22.236 26
53 22.274 26
54 22.27 25
55 22.316 26
56 22.394 26
57 22.416 26
58 22.264 26
59 22.274 26
60 22.3 25
61 22.264 26
62 22.372 26
63 22.368 26
64 22.376 26
65 22.36 26
66 22.462 26
67 22.426 26
68 22.408 26
69 22.486 26
70 22.432 26
71 22.46 28
72 22.464 27
73 22.41 27
74 22.438 26
75 22.48 27
76 22.444 27
77 22.378 27
78 22.342 26
79 22.246 27
80 22.262 26
81 22.372 26
82 22.36 27
83 22.406 26
84 22.46 26
85 22.526 26
86 22.5 26
87 22.556 28
88 22.634 27
89 22.572 28
90 22.624 27
91 22.64 27
92 22.726 27
93 22.718 27
94 22.77 26
95 22.868 27
96 22.916 27
97 22.982 27
98 23.066 27
99 23.116 27
100 23.11 26
101 23.234 26
102 23.302 26
103 23.392 26
104 23.39 26
105 23.464 26
106 23.294 26
107 23.25 26
108 23.218 27
109 23.26 26
110 23.278 27
111 23.322 27
112 23.374 27
113 23.454 26
114 23.386 27
115 23.378 27
116 23.404 26
117 23.408 26
118 23.552 26
119 23.57 26
120 23.614 26
121 23.606 26
122 23.66 26
123 23.78 27
124 23.71 26
125 23.758 26
126 23.736 26
127 23.794 26
128 23.844 26
129 23.846 26
130 23.872 26
131 23.87 26
132 23.856 26
133 23.836 26
134 23.888 26
135 23.87 26
136 23.946 26
137 24.012 26
138 23.936 26
139 23.976 26
140 24.026 26
141 24.058 26
142 24.156 26
143 24.098 26
144 24.148 26
145 24.166 26
146 24.172 28
147 24.202 26
148 24.104 26
149 24.094 26
150 24.042 26
151 24.054 26
152 24.186 26
153 24.1 26
154 24.132 27
155 24.092 27
156 24.146 27
157 24.188 27
158 24.32 27
159 24.298 27
160 24.362 26
161 24.372 27
162 24.364 26
163 24.444 26
164 24.454 26
165 24.428 26
166 24.386 26
167 24.45 28
168 24.51 27
169 24.522 27
170 24.5 26
171 24.476 26
172 24.514 26
173 24.428 26
174 24.436 26
175 24.35 26
176 24.332 26
177 24.346 27
178 24.416 27
179 24.476 28
180 24.45 26
181 24.498 26
182 24.458 26
183 24.448 27
184 24.46 26
185 24.542 27
186 24.526 26
187 24.482 26
188 24.494 26
189 24.56 26
190 24.47 26
191 24.572 26
192 24.592 26
193 24.58 26
194 24.558 26
195 24.622 26
196 24.58 27
197 24.604 26
198 24.556 26
199 24.524 26
200 24.596 26
201 24.572 26
202 24.564 26
203 24.536 26
204 24.596 27
205 24.682 27
206 24.68 26
207 24.644 26
208 24.628 26
209 24.676 26
210 24.738 27
211 24.712 26
212 24.786 26
213 24.764 26
214 24.766 26
215 24.758 26
216 24.826 26
217 24.852 26
218 24.926 26
219 25.008 27
220 25.072 27
221 25.05 26
222 25.098 26
223 25.178 26
224 25.208 26
225 25.148 26
226 25.118 26
227 25.194 26
228 25.154 26
229 25.114 26
230 25.12 26
231 25.098 26
232 25.144 26
233 25.168 26
234 25.262 26
235 25.208 26
236 25.224 26
237 25.232 26
238 25.196 26
239 25.208 26
240 25.256 26
241 25.296 26
242 25.346 26
243 25.344 26
244 25.388 26
245 25.332 26
246 25.346 26
247 25.364 26
248 25.43 26
249 25.406 26
250 25.488 26
251 25.464 26
252 25.568 26
253 25.56 26
254 25.598 26
255 25.644 26
256 25.632 26
257 25.652 26
258 25.628 26
259 25.71 26
260 25.702 26
261 25.732 26
262 25.738 26
263 25.746 26
264 25.706 26
265 25.752 26
266 25.756 26
267 25.756 26
268 25.78 26
269 25.75 26
270 25.776 26
271 25.764 26
272 25.764 26
273 25.748 26
274 25.74 26
275 25.712 26
276 25.712 27
277 25.728 26
278 25.766 26
279 25.756 26
280 25.708 26
281 25.684 26
282 25.732 26
283 25.762 26
284 25.756 26
285 25.72 26
286 25.752 26
287 25.714 26
288 25.784 26
289 25.74 26
290 25.72 26
291 25.748 26
292 25.804 26
293 25.812 26
294 25.8 26
295 25.77 26
296 25.706 26
297 25.7 26
298 25.706 26
299 25.718 26
300 25.768 26
301 25.814 26
302 25.79 26
303 25.748 26
304 25.74 26
305 25.732 26
306 25.66 26
307 25.656 26
308 25.6 26
309 25.638 26
310 25.618 26
311 25.656 26
312 25.61 26
313 25.572 26
314 25.648 26
315 25.576 26
316 25.63 26
317 25.582 26
318 25.602 26
319 25.628 26
320 25.584 26
321 25.57 26
322 25.622 26
323 25.61 26
324 25.658 26
325 25.678 26
326 25.692 26
327 25.656 26
328 25.674 26
329 25.668 26
330 25.704 26
331 25.736 26
332 25.772 26
333 25.732 26
334 25.746 26
335 25.768 26
336 25.756 27
337 25.752 27
338 25.76 27
339 25.774 27
340 25.786 27
341 25.836 27
342 25.834 27
343 25.85 27
344 25.83 27
345 25.822 27
346 25.824 27
347 25.728 27
348 25.74 27
349 25.748 27
350 25.744 26
351 25.732 27
352 25.72 26
353 25.704 27
354 25.708 27
355 25.72 27
356 25.638 27
357 25.658 27
358 25.658 27
359 25.636 27
360 25.702 27
361 25.692 27
362 25.71 27
363 25.776 27
364 25.764 27
365 25.766 27
366 25.726 27
367 25.786 27
368 25.8 27
369 25.804 26
370 25.776 27
371 25.758 27
372 25.752 27
373 25.77 27
374 25.8 26
375 25.828 26
376 25.808 27
377 25.782 27
378 25.782 27
379 25.784 26
380 25.764 26
381 25.794 26
382 25.824 26
383 25.86 26
384 25.862 26
385 25.914 26
386 25.932 26
387 25.928 26
388 25.914 27
389 25.922 26
390 25.934 26
391 25.916 26
392 25.886 27
393 25.894 26
394 25.874 27
395 25.854 26
396 25.84 27
397 25.86 26
398 25.856 26
399 25.842 26
400 25.874 26
401 25.888 27
402 25.848 27
403 25.858 27
404 25.902 27
405 25.892 27
406 25.876 27
407 25.848 27
408 25.814 27
409 25.796 27
410 25.874 27
411 25.866 27
412 25.872 27
413 25.906 27
414 25.88 27
415 25.868 27
416 25.846 27
417 25.784 26
418 25.766 26
419 25.794 26
420 25.784 26
421 25.828 26
422 25.824 26
423 25.84 27
424 25.83 27
425 25.792 27
426 25.808 27
427 25.812 27
428 25.86 27
429 25.858 26
430 25.84 26
431 25.844 26
432 25.826 26
433 25.854 26
434 25.842 26
435 25.832 26
436 25.824 26
437 25.85 26
438 25.818 26
439 25.886 27
440 25.836 27
441 25.806 27
442 25.808 27
443 25.814 27
444 25.854 27
445 25.848 27
446 25.892 27
447 25.868 27
448 25.848 26
449 25.88 26
450 25.856 26
451 25.89 26
452 25.906 26
453 25.926 26
454 25.944 26
455 25.948 26
456 25.906 26
457 25.882 26
458 25.884 26
459 25.854 26
460 25.87 26
461 25.878 26
462 25.894 26
463 25.91 26
464 25.902 26
465 25.876 26
466 25.888 26
467 25.874 26
468 25.88 26
469 25.9 26
470 25.894 26
471 25.914 26
472 25.928 26
473 25.904 26
474 25.918 26
475 25.902 26
476 25.888 26
477 25.906 26
478 25.91 26
479 25.888 26
480 25.914 26
481 25.878 26
482 25.888 26
483 25.908 26
484 25.884 26
485 25.872 26
486 25.86 26
487 25.836 26
488 25.852 26
489 25.83 26
490 25.836 26
491 25.844 26
492 25.842 26
493 25.838 26
494 25.806 26
495 25.82 26
496 25.81 26
497 25.77 26
498 25.776 26
499 25.806 26
500 25.846 26
501 25.79 26
502 25.746 26
503 25.692 26
504 25.766 26
505 25.818 26
506 25.792 26
507 25.78 26
508 25.744 26
509 25.748 26
510 25.774 26
511 25.78 26
512 25.792 26
513 25.778 26
514 25.784 27
515 25.732 27
516 25.736 27
517 25.728 27
518 25.732 27
519 25.746 27
520 25.75 27
521 25.764 27
522 25.714 27
523 25.676 27
524 25.674 27
525 25.754 27
526 25.724 27
527 25.76 27
528 25.74 27
529 25.748 27
530 25.668 27
531 25.758 27
532 25.754 27
533 25.67 27
534 25.71 27
535 25.752 27
536 25.78 27
537 25.762 27
538 25.846 27
539 25.864 27
540 25.872 27
541 25.89 27
542 25.884 27
543 25.86 27
544 25.84 27
545 25.866 27
546 25.87 27
547 25.86 27
548 25.918 27
549 25.93 27
550 25.898 27
551 25.896 27
552 25.934 27
553 25.95 27
554 25.936 27
555 25.944 27
556 25.962 27
557 26.04 27
558 26.026 27
559 26.026 27
560 25.992 27
561 25.988 27
562 25.944 27
563 26.016 27
564 26.002 27
565 26.02 27
566 26.044 27
567 26.074 27
568 26.084 27
569 26.074 27
570 26.092 27
571 26.028 27
572 26.094 27
573 26.164 27
574 26.202 27
575 26.164 27
576 26.144 27
577 26.216 27
578 26.214 27
579 26.186 27
580 26.212 27
581 26.248 27
582 26.264 27
583 26.25 27
584 26.216 27
585 26.168 27
586 26.138 27
587 26.11 27
588 26.11 27
589 26.122 27
590 26.148 27
591 26.136 27
592 26.23 27
593 26.254 27
594 26.21 27
595 26.256 27
596 26.242 27
597 26.258 27
598 26.256 27
599 26.272 27
600 26.334 27
601 26.35 27
602 26.39 27
603 26.446 27
604 26.434 27
605 26.42 27
606 26.396 27
607 26.396 27
608 26.372 27
609 26.394 27
610 26.362 27
611 26.346 27
612 26.338 27
613 26.35 27
614 26.348 27
615 26.348 27
616 26.384 27
617 26.406 27
618 26.45 27
619 26.428 27
620 26.484 27
621 26.464 27
622 26.472 27
623 26.51 27
624 26.574 27
625 26.586 27
626 26.586 27
627 26.546 27
628 26.578 27
629 26.556 27
630 26.57 27
631 26.594 27
632 26.576 27
633 26.54 27
634 26.586 27
635 26.618 27
636 26.616 27
637 26.588 27
638 26.636 27
639 26.614 27
640 26.644 27
641 26.664 27
642 26.714 27
643 26.758 27
644 26.758 27
645 26.794 27
646 26.8 27
647 26.808 27
648 26.796 27
649 26.75 27
650 26.758 27
651 26.748 27
652 26.742 27
653 26.768 27
654 26.756 27
655 26.812 27
656 26.788 27
657 26.736 27
658 26.79 27
659 26.79 27
660 26.742 27
661 26.744 27
662 26.734 27
663 26.698 27
664 26.728 27
665 26.72 27
666 26.806 27
667 26.84 27
668 26.788 27
669 26.79 27
670 26.806 27
671 26.806 27
672 26.834 27
673 26.832 27
674 26.81 27
675 26.83 27
676 26.836 27
677 26.836 27
678 26.806 27
679 26.798 27
680 26.78 27
681 26.83 27
682 26.844 27
683 26.8 27
684 26.824 27
685 26.788 27
686 26.768 27
687 26.73 27
688 26.706 27
689 26.662 27
690 26.736 27
691 26.768 27
692 26.778 27
693 26.774 27
694 26.798 27
695 26.806 27
696 26.834 27
697 26.822 27
698 26.81 27
699 26.822 27
700 26.792 27
701 26.804 27
702 26.808 27
703 26.792 27
704 26.806 27
705 26.778 27
706 26.784 27
707 26.858 27
708 26.822 27
709 26.83 27
710 26.806 27
711 26.806 27
712 26.844 27
713 26.844 27
714 26.808 27
715 26.816 27
716 26.772 27
717 26.72 27
718 26.758 27
719 26.83 27
720 26.864 27
721 26.896 27
722 26.866 27
723 26.91 27
724 26.892 27
725 26.88 27
726 26.888 27
727 26.892 27
728 26.91 27
729 26.878 27
730 26.856 27
731 26.844 27
732 26.882 27
733 26.872 27
734 26.876 27
735 26.866 27
736 26.86 27
737 26.806 27
738 26.81 27
739 26.856 27
740 26.842 27
741 26.812 27
742 26.814 27
743 26.818 27
744 26.81 27
745 26.824 27
746 26.834 27
747 26.826 27
748 26.796 27
749 26.772 27
750 26.744 27
751 26.706 27
752 26.7 27
753 26.662 27
754 26.642 27
755 26.638 27
756 26.654 27
757 26.692 27
758 26.744 27
759 26.726 27
760 26.72 27
761 26.774 27
762 26.774 27
763 26.79 27
764 26.814 27
765 26.802 27
766 26.822 27
767 26.83 27
768 26.832 27
769 26.844 27
770 26.834 27
771 26.85 27
772 26.85 27
773 26.87 27
774 26.86 27
775 26.864 27
776 26.838 27
777 26.83 27
778 26.868 27
779 26.872 27
780 26.88 27
781 26.876 27
782 26.882 27
783 26.89 27
784 26.888 27
785 26.844 27
786 26.808 27
787 26.85 27
788 26.8 27
789 26.788 27
790 26.782 27
791 26.766 27
792 26.802 27
793 26.804 27
794 26.802 27
795 26.776 27
796 26.742 27
797 26.778 27
798 26.792 27
799 26.78 27
800 26.782 27
801 26.74 27
802 26.762 27
803 26.788 27
804 26.754 27
805 26.758 27
806 26.766 27
807 26.73 27
808 26.728 27
809 26.736 27
810 26.748 27
811 26.764 27
812 26.754 27
813 26.736 27
814 26.746 27
815 26.734 27
816 26.752 27
817 26.682 27
818 26.612 27
819 26.646 27
820 26.706 27
821 26.726 27
822 26.722 27
823 26.688 27
824 26.748 27
825 26.76 27
826 26.792 27
827 26.828 27
828 26.788 27
829 26.77 27
830 26.794 27
831 26.804 27
832 26.828 27
833 26.844 27
834 26.842 27
835 26.786 27
836 26.782 27
837 26.794 27
838 26.798 27
839 26.804 27
840 26.786 27
841 26.79 27
842 26.796 27
843 26.842 27
844 26.832 27
845 26.858 27
846 26.852 27
847 26.828 27
848 26.794 27
849 26.816 27
850 26.81 27
851 26.798 27
852 26.832 27
853 26.796 27
854 26.786 27
855 26.816 27
856 26.816 27
857 26.818 27
858 26.76 27
859 26.792 27
860 26.78 27
861 26.788 27
862 26.79 27
863 26.782 27
864 26.808 27
865 26.808 27
866 26.836 27
867 26.796 27
868 26.788 27
869 26.788 27
870 26.766 27
871 26.69 27
872 26.688 27
873 26.764 27
874 26.784 27
875 26.792 27
876 26.794 27
877 26.78 27
878 26.728 27
879 26.744 27
880 26.78 27
881 26.81 27
882 26.814 27
883 26.812 27
884 26.804 27
885 26.814 27
886 26.814 27
887 26.818 27
888 26.818 27
889 26.82 27
890 26.828 27
891 26.832 27
892 26.81 27
893 26.808 27
894 26.836 27
895 26.812 27
896 26.844 27
897 26.842 27
898 26.804 27
899 26.798 27
900 26.864 27
901 26.858 27
902 26.852 27
903 26.866 27
904 26.862 27
905 26.88 27
906 26.902 27
907 26.9 27
908 26.87 27
909 26.846 27
910 26.848 27
911 26.854 27
912 26.81 27
913 26.772 27
914 26.772 27
915 26.742 27
916 26.744 27
917 26.746 27
918 26.744 27
919 26.714 27
920 26.702 27
921 26.648 27
922 26.608 27
923 26.596 27
924 26.638 27
925 26.658 27
926 26.63 27
927 26.604 27
928 26.67 27
929 26.708 27
930 26.71 27
931 26.756 27
932 26.746 27
933 26.766 27
934 26.778 27
935 26.794 27
936 26.744 27
937 26.728 27
938 26.704 27
939 26.706 27
940 26.72 27
941 26.68 27
942 26.726 27
943 26.72 27
944 26.738 27
945 26.76 27
946 26.728 27
947 26.75 27
948 26.722 27
949 26.722 27
950 26.756 27
951 26.728 27
952 26.676 27
953 26.656 27
954 26.684 27
955 26.706 27
956 26.712 27
957 26.688 27
958 26.724 27
959 26.816 27
960 26.842 27
961 26.852 27
962 26.832 27
963 26.816 27
964 26.782 27
965 26.788 27
966 26.78 27
967 26.808 27
968 26.81 27
969 26.752 27
970 26.768 27
971 26.744 27
972 26.78 27
973 26.7 27
974 26.7 27
975 26.672 27
976 26.624 27
977 26.59 27
978 26.638 27
979 26.69 27
980 26.642 27
981 26.666 27
982 26.622 27
983 26.628 27
984 26.588 27
985 26.63 27
986 26.664 27
987 26.698 27
988 26.648 27
989 26.64 27
990 26.618 27
991 26.664 27
992 26.652 27
993 26.688 27
994 26.684 27
995 26.7 27
996 26.688 27
997 26.686 27
998 26.742 27
999 26.744 27
